4 0.500000 0.293378 0.285835 0.130966
4 0.183630 0.293378 0.285835 0.130966
11 0.183630 0.435886 0.245123 0.084800
4 0.183630 0.449579 0.285835 0.130966
4 0.816370 0.293378 0.285835 0.153267
11 0.500000 0.279685 0.245123 0.084800
18 0.500000 0.540689 1.000000 0.011737
11 0.183630 0.279685 0.245123 0.084800
17 0.500000 0.135368 1.000000 0.125196
12 0.475827 0.339300 0.186599 0.020344
11 0.816370 0.268535 0.245123 0.084800
12 0.768872 0.339300 0.139949 0.042645
12 0.153944 0.339300 0.175573 0.020344
12 0.167091 0.495501 0.201866 0.020344
