12 0.782867 0.339300 0.167939 0.042645
11 0.183630 0.279685 0.245123 0.084800
4 0.183630 0.460730 0.285835 0.153267
17 0.500000 0.135368 1.000000 0.125196
12 0.475827 0.339300 0.186599 0.020344
11 0.183630 0.435886 0.245123 0.084800
11 0.816370 0.268535 0.245123 0.084800
4 0.816370 0.293378 0.285835 0.153267
4 0.183630 0.293378 0.285835 0.130966
11 0.500000 0.279685 0.245123 0.084800
18 0.500000 0.562989 1.000000 0.011737
12 0.153944 0.339300 0.175573 0.020344
4 0.500000 0.293378 0.285835 0.130966
12 0.134436 0.506651 0.136556 0.042645
