18 0.500000 0.613636 1.000000 0.025455
13 0.594148 0.041061 0.219678 0.022121
12 0.117472 0.041061 0.184054 0.022121
36 0.515267 0.170000 0.155216 0.025455
22 0.241730 0.577727 0.229008 0.003636
28 0.500000 0.422273 0.949109 0.028182
14 0.500000 0.684091 0.949109 0.040303
21 0.138677 0.103788 0.226463 0.028182
11 0.418151 0.041061 0.071247 0.018788
3 0.708227 0.103788 0.120441 0.019091
5 0.709075 0.577727 0.071247 0.025455
31 0.500000 0.205909 0.949109 0.028182
36 0.103053 0.170000 0.155216 0.025455
16 0.514843 0.577727 0.215437 0.028182
27 0.500000 0.311212 0.949109 0.030909
25 0.500000 0.352273 0.949109 0.036667
10 0.500000 0.994091 0.340967 0.011818
7 0.545377 0.103788 0.164546 0.028182
14 0.500000 0.724697 0.949109 0.040303
36 0.309160 0.170000 0.155216 0.025455
35 0.500000 0.273030 0.949109 0.030909
19 0.500000 0.476364 0.949109 0.080000
17 0.500000 0.080909 1.000000 0.049091
34 0.500000 0.956364 1.000000 0.087273
12 0.296014 0.041061 0.111959 0.015758
26 0.357506 0.103788 0.170483 0.028182
8 0.500000 0.839545 0.949109 0.029394
33 0.844784 0.170000 0.259542 0.029091
14 0.500000 0.765303 0.949109 0.040303
1 0.050891 0.577727 0.050891 0.018182
