26 0.874470 0.934077 0.169635 0.028560
37 0.500000 0.934077 1.000000 0.052034
26 0.149703 0.934077 0.217981 0.028560
14 0.201018 0.321009 0.239186 0.060642
26 0.404439 0.934077 0.182358 0.028560
12 0.138677 0.432316 0.114504 0.020344
17 0.500000 0.104460 1.000000 0.063380
14 0.198473 0.225156 0.234097 0.060642
12 0.140797 0.528169 0.118745 0.020344
12 0.201018 0.309664 0.239186 0.028560
12 0.140373 0.336463 0.117897 0.020344
12 0.198473 0.213811 0.234097 0.028560
14 0.247668 0.512715 0.332485 0.060642
12 0.247668 0.501369 0.332485 0.028560
12 0.161578 0.240610 0.160305 0.020344
26 0.642635 0.934077 0.184902 0.028560
12 0.248516 0.405516 0.334182 0.028560
14 0.248516 0.416862 0.334182 0.060642
