12 0.173876 0.651702 0.215437 0.020344
12 0.796438 0.651702 0.195081 0.020344
12 0.452502 0.651702 0.139949 0.042645
11 0.183630 0.592087 0.245123 0.084800
4 0.500000 0.438429 0.285835 0.130966
11 0.500000 0.424736 0.245123 0.084800
11 0.500000 0.268535 0.245123 0.084800
17 0.500000 0.135368 1.000000 0.125196
12 0.812129 0.328149 0.226463 0.020344
12 0.153944 0.328149 0.175573 0.020344
11 0.183630 0.268535 0.245123 0.084800
4 0.183630 0.605781 0.285835 0.130966
18 0.500000 0.707355 1.000000 0.011737
12 0.795165 0.484351 0.192536 0.020344
4 0.816370 0.605781 0.285835 0.130966
12 0.138677 0.484351 0.145038 0.042645
11 0.816370 0.268535 0.245123 0.084800
12 0.469890 0.484351 0.174724 0.020344
11 0.816370 0.592087 0.245123 0.084800
11 0.183630 0.413586 0.245123 0.084800
4 0.816370 0.282228 0.285835 0.130966
11 0.500000 0.580937 0.245123 0.084800
4 0.500000 0.605781 0.285835 0.153267
4 0.500000 0.282228 0.285835 0.130966
4 0.816370 0.438429 0.285835 0.130966
4 0.183630 0.438429 0.285835 0.153267
4 0.183630 0.282228 0.285835 0.130966
11 0.816370 0.424736 0.245123 0.084800
12 0.475827 0.328149 0.186599 0.020344
