37 0.500000 0.934077 1.000000 0.052034
26 0.866836 0.934077 0.184902 0.028560
12 0.222646 0.788928 0.282443 0.028560
26 0.362313 0.934077 0.151824 0.028560
14 0.232824 0.512715 0.302799 0.060642
12 0.218405 0.528169 0.273961 0.020344
14 0.230704 0.416862 0.298558 0.060642
26 0.606305 0.934077 0.233249 0.028560
12 0.183630 0.815728 0.204411 0.020344
12 0.145462 0.432316 0.128075 0.020344
12 0.230704 0.405516 0.298558 0.028560
17 0.500000 0.104460 1.000000 0.063380
12 0.202714 0.693075 0.242578 0.028560
12 0.175148 0.309664 0.187447 0.028560
14 0.222646 0.800274 0.282443 0.060642
12 0.155216 0.719875 0.147583 0.020344
12 0.218405 0.624022 0.273961 0.020344
12 0.223919 0.597222 0.284987 0.028560
14 0.223919 0.608568 0.284987 0.060642
14 0.198473 0.225156 0.234097 0.060642
12 0.232824 0.501369 0.302799 0.028560
12 0.176845 0.336463 0.190840 0.020344
14 0.176845 0.321009 0.190840 0.060642
12 0.198473 0.213811 0.234097 0.028560
26 0.137829 0.934077 0.194232 0.028560
14 0.202714 0.704421 0.242578 0.060642
12 0.181510 0.240610 0.200170 0.020344
