14 0.738222 0.909545 0.352889 0.036482
21 0.500000 0.863568 0.893333 0.074963
14 0.500000 0.519740 0.829333 0.041979
36 0.166667 0.519740 0.162667 0.041979
36 0.166667 0.432784 0.162667 0.041979
14 0.792000 0.657671 0.245333 0.036482
12 0.771111 0.519740 0.287111 0.036482
12 0.778667 0.741629 0.272000 0.036482
17 0.500000 0.172914 1.000000 0.159920
14 0.778667 0.741629 0.272000 0.036482
14 0.785778 0.987631 0.257778 0.024738
12 0.738222 0.909545 0.352889 0.036482
12 0.767556 0.432784 0.294222 0.036482
12 0.792000 0.657671 0.245333 0.036482
12 0.839556 0.825587 0.150222 0.036482
35 0.500000 0.294853 0.829333 0.037481
14 0.500000 0.432784 0.829333 0.041979
12 0.785778 0.987631 0.257778 0.024738
14 0.839556 0.825587 0.150222 0.036482
