12 0.162002 0.478286 0.069550 0.089593
14 0.150000 0.478286 0.300000 0.113067
12 0.158609 0.365219 0.062765 0.089593
12 0.159457 0.252152 0.064461 0.089593
12 0.125530 0.056534 0.251060 0.113067
14 0.150000 0.252152 0.300000 0.113067
11 0.650424 0.145540 0.699152 0.187793
12 0.639695 0.330008 0.677693 0.059077
14 0.150000 0.154343 0.300000 0.082551
12 0.158185 0.154343 0.061917 0.059077
30 0.150000 0.500000 0.300000 1.000000
14 0.150000 0.365219 0.300000 0.113067
12 0.438677 0.269953 0.275657 0.032864
