39 0.204889 0.929535 0.324444 0.056972
14 0.490667 0.099200 0.981333 0.078461
14 0.490667 0.415042 0.981333 0.078461
14 0.490667 0.809845 0.981333 0.078461
38 0.729333 0.206397 0.285333 0.052974
24 0.990667 0.104948 0.018667 0.089955
14 0.490667 0.572964 0.981333 0.078461
32 0.500000 0.029985 1.000000 0.059970
14 0.490667 0.257121 0.981333 0.078461
14 0.490667 0.730885 0.981333 0.078461
14 0.490667 0.888806 0.981333 0.078461
14 0.490667 0.494003 0.981333 0.078461
14 0.490667 0.964268 0.981333 0.071464
14 0.490667 0.178161 0.981333 0.078461
14 0.490667 0.651924 0.981333 0.078461
14 0.490667 0.336082 0.981333 0.078461
12 0.118667 0.034483 0.109333 0.026987
