14 0.226039 0.539515 0.187447 0.028560
12 0.198473 0.232003 0.234097 0.028560
14 0.211196 0.909233 0.259542 0.028560
14 0.245123 0.974961 0.327396 0.028560
14 0.500000 0.232003 0.837150 0.032864
14 0.224343 0.777778 0.285835 0.028560
14 0.238762 0.712050 0.314673 0.028560
14 0.237489 0.843505 0.312129 0.028560
36 0.840967 0.232003 0.155216 0.032864
14 0.255725 0.473787 0.246819 0.028560
8 0.246395 0.605243 0.228159 0.028560
14 0.500000 0.300078 0.837150 0.032864
10 0.500000 0.875000 0.340967 0.005869
17 0.500000 0.135368 1.000000 0.125196
36 0.840967 0.300078 0.155216 0.032864
34 0.500000 0.943662 1.000000 0.112676
12 0.212892 0.408059 0.262935 0.028560
14 0.246395 0.605243 0.228159 0.028560
12 0.248516 0.300078 0.334182 0.028560
