36 0.833333 0.383308 0.162667 0.041979
14 0.287111 0.773113 0.296889 0.036482
12 0.223111 0.521239 0.275556 0.036482
14 0.500000 0.296352 0.829333 0.041979
8 0.287111 0.773113 0.296889 0.036482
12 0.241333 0.383308 0.312000 0.036482
17 0.500000 0.172914 1.000000 0.159920
14 0.217778 0.987631 0.264889 0.024738
14 0.221333 0.909545 0.272000 0.036482
34 0.500000 0.928036 1.000000 0.143928
10 0.500000 0.840330 0.357333 0.007496
14 0.252444 0.605197 0.227556 0.036482
12 0.208000 0.296352 0.245333 0.036482
14 0.323111 0.689155 0.368889 0.036482
36 0.833333 0.296352 0.162667 0.041979
14 0.500000 0.383308 0.829333 0.041979
