12 0.788380 0.506651 0.178965 0.020344
4 0.500000 0.460730 0.285835 0.153267
11 0.183630 0.279685 0.245123 0.084800
11 0.500000 0.435886 0.245123 0.084800
4 0.816370 0.460730 0.285835 0.130966
12 0.450806 0.506651 0.136556 0.042645
11 0.183630 0.447036 0.245123 0.084800
4 0.183630 0.293378 0.285835 0.130966
4 0.183630 0.460730 0.285835 0.130966
4 0.816370 0.293378 0.285835 0.130966
17 0.500000 0.135368 1.000000 0.125196
18 0.500000 0.562989 1.000000 0.011737
4 0.500000 0.293378 0.285835 0.153267
12 0.455047 0.339300 0.145038 0.042645
12 0.147583 0.506651 0.162850 0.020344
11 0.816370 0.279685 0.245123 0.084800
12 0.153944 0.339300 0.175573 0.020344
11 0.500000 0.268535 0.245123 0.084800
12 0.816370 0.339300 0.234945 0.020344
11 0.816370 0.447036 0.245123 0.084800
