36 0.166667 0.432784 0.162667 0.041979
12 0.776444 0.519740 0.276444 0.036482
14 0.796444 0.909545 0.236444 0.036482
17 0.500000 0.172914 1.000000 0.159920
12 0.792000 0.657671 0.245333 0.036482
14 0.500000 0.519740 0.829333 0.041979
14 0.756000 0.825587 0.317333 0.036482
12 0.796444 0.909545 0.236444 0.036482
14 0.802667 0.741629 0.224000 0.036482
12 0.777778 0.432784 0.273778 0.036482
12 0.802667 0.741629 0.224000 0.036482
14 0.500000 0.432784 0.829333 0.041979
35 0.500000 0.294853 0.829333 0.037481
21 0.500000 0.863568 0.893333 0.074963
14 0.792000 0.657671 0.245333 0.036482
36 0.166667 0.519740 0.162667 0.041979
12 0.756000 0.825587 0.317333 0.036482
