12 0.161578 0.154343 0.068702 0.059077
14 0.150000 0.334703 0.300000 0.113067
12 0.415776 0.269953 0.229856 0.032864
14 0.150000 0.154343 0.300000 0.082551
30 0.150000 0.500000 0.300000 1.000000
14 0.150000 0.236894 0.300000 0.082551
12 0.162850 0.236894 0.071247 0.059077
12 0.160305 0.334703 0.066158 0.089593
11 0.650424 0.145540 0.699152 0.187793
14 0.150000 0.432512 0.300000 0.082551
12 0.158185 0.432512 0.061917 0.059077
12 0.639695 0.330008 0.677693 0.059077
12 0.125530 0.056534 0.251060 0.113067
