12 0.160000 0.302599 0.053333 0.075462
12 0.650444 0.421539 0.699111 0.075462
12 0.160444 0.571964 0.054222 0.114443
12 0.131556 0.072214 0.263111 0.144428
14 0.150000 0.427536 0.300000 0.144428
14 0.150000 0.571964 0.300000 0.144428
11 0.650444 0.185907 0.699111 0.239880
30 0.150000 0.500000 0.300000 1.000000
14 0.150000 0.197151 0.300000 0.105447
12 0.160444 0.427536 0.054222 0.114443
14 0.150000 0.302599 0.300000 0.105447
12 0.430222 0.344828 0.258667 0.041979
12 0.165778 0.197151 0.064889 0.075462
