4 0.184444 0.564155 0.283556 0.160545
11 0.815556 0.725200 0.240889 0.101574
17 0.500000 0.172914 1.000000 0.159920
4 0.815556 0.564155 0.283556 0.160545
11 0.500000 0.546664 0.240889 0.101574
12 0.771111 0.426662 0.141333 0.054473
18 0.500000 0.855572 1.000000 0.014993
11 0.500000 0.353886 0.240889 0.101574
11 0.815556 0.339643 0.240889 0.101574
11 0.184444 0.725200 0.240889 0.101574
11 0.184444 0.353886 0.240889 0.101574
11 0.184444 0.546664 0.240889 0.101574
11 0.815556 0.546664 0.240889 0.101574
4 0.184444 0.371377 0.283556 0.160545
4 0.500000 0.564155 0.283556 0.160545
12 0.167111 0.797976 0.195556 0.025987
4 0.184444 0.742691 0.283556 0.160545
12 0.801333 0.797976 0.201778 0.025987
12 0.813333 0.619440 0.225778 0.025987
12 0.161333 0.426662 0.184000 0.025987
11 0.500000 0.725200 0.240889 0.101574
12 0.173333 0.619440 0.208000 0.025987
4 0.815556 0.742691 0.283556 0.160545
4 0.815556 0.371377 0.283556 0.189030
4 0.500000 0.371377 0.283556 0.160545
12 0.472000 0.426662 0.174222 0.025987
12 0.490667 0.797976 0.211556 0.025987
12 0.484889 0.619440 0.200000 0.025987
4 0.500000 0.742691 0.283556 0.160545
