14 0.500000 0.367762 0.837150 0.032864
12 0.198473 0.231612 0.234097 0.028560
8 0.279050 0.809077 0.293469 0.028560
14 0.500000 0.231612 0.837150 0.032864
36 0.840967 0.367762 0.155216 0.032864
14 0.500000 0.503912 0.837150 0.032864
10 0.500000 0.875000 0.340967 0.005869
36 0.840967 0.299687 0.155216 0.032864
12 0.189992 0.435837 0.217133 0.028560
14 0.279050 0.809077 0.293469 0.028560
12 0.212892 0.611894 0.262935 0.028560
14 0.273537 0.743349 0.282443 0.028560
14 0.500000 0.435837 0.837150 0.032864
12 0.236217 0.503912 0.309584 0.028560
36 0.840967 0.435837 0.155216 0.032864
17 0.500000 0.135172 1.000000 0.124804
36 0.840967 0.231612 0.155216 0.032864
12 0.229008 0.367762 0.295165 0.028560
14 0.226887 0.981612 0.290925 0.028560
12 0.203138 0.299687 0.243427 0.028560
14 0.308736 0.677621 0.352841 0.028560
14 0.500000 0.299687 0.837150 0.032864
36 0.840967 0.503912 0.155216 0.032864
14 0.249788 0.915884 0.336726 0.028560
34 0.500000 0.943662 1.000000 0.112676
