12 0.198473 0.231612 0.234097 0.028560
14 0.189992 0.514476 0.217133 0.028560
10 0.500000 0.875000 0.340967 0.005869
8 0.500000 0.407668 0.837150 0.028560
14 0.500000 0.299687 0.837150 0.032864
36 0.840967 0.299687 0.155216 0.032864
14 0.500000 0.231612 0.837150 0.032864
17 0.500000 0.135172 1.000000 0.124804
34 0.500000 0.943662 1.000000 0.112676
12 0.225615 0.299687 0.288380 0.028560
14 0.237489 0.645931 0.312129 0.028560
12 0.212892 0.407668 0.262935 0.028560
36 0.840967 0.231612 0.155216 0.032864
14 0.249788 0.580203 0.336726 0.028560
