14 0.150000 0.216642 0.300000 0.144428
30 0.150000 0.500000 0.300000 1.000000
12 0.131556 0.072214 0.263111 0.144428
12 0.650444 0.421539 0.699111 0.075462
14 0.150000 0.813843 0.300000 0.105447
12 0.160000 0.919290 0.053333 0.075462
14 0.150000 0.919290 0.300000 0.105447
12 0.165778 0.813843 0.064889 0.075462
14 0.150000 0.361069 0.300000 0.144428
14 0.150000 0.524988 0.300000 0.183408
12 0.411111 0.344828 0.220444 0.041979
12 0.160444 0.216642 0.054222 0.114443
12 0.164444 0.688906 0.062222 0.114443
12 0.164000 0.361069 0.061333 0.114443
11 0.650444 0.185907 0.699111 0.239880
12 0.160000 0.524988 0.053333 0.153423
14 0.150000 0.688906 0.300000 0.144428
