14 0.209500 0.777778 0.256149 0.028560
12 0.245971 0.300078 0.329092 0.028560
36 0.840967 0.300078 0.155216 0.032864
8 0.500000 0.408059 0.837150 0.028560
10 0.500000 0.875000 0.340967 0.005869
14 0.500000 0.300078 0.837150 0.032864
14 0.236217 0.514867 0.309584 0.028560
36 0.840967 0.232003 0.155216 0.032864
17 0.500000 0.135368 1.000000 0.125196
12 0.198473 0.232003 0.234097 0.028560
14 0.289228 0.712050 0.415606 0.028560
12 0.212892 0.408059 0.262935 0.028560
14 0.256573 0.646322 0.350297 0.028560
14 0.500000 0.232003 0.837150 0.032864
34 0.500000 0.943662 1.000000 0.112676
14 0.222646 0.580595 0.282443 0.028560
