12 0.247556 0.382809 0.324444 0.036482
12 0.239111 0.556722 0.307556 0.036482
14 0.500000 0.469765 0.829333 0.041979
8 0.500000 0.694653 0.829333 0.036482
14 0.500000 0.556722 0.829333 0.041979
36 0.833333 0.556722 0.162667 0.041979
34 0.500000 0.928036 1.000000 0.143928
36 0.833333 0.295852 0.162667 0.041979
36 0.833333 0.469765 0.162667 0.041979
14 0.219556 0.990380 0.268444 0.019240
14 0.500000 0.382809 0.829333 0.041979
36 0.833333 0.382809 0.162667 0.041979
17 0.500000 0.172664 1.000000 0.159420
12 0.208000 0.295852 0.245333 0.036482
14 0.259556 0.831084 0.348444 0.036482
14 0.241333 0.915042 0.312000 0.036482
12 0.223111 0.694653 0.275556 0.036482
12 0.223556 0.469765 0.276444 0.036482
10 0.500000 0.840330 0.357333 0.007496
14 0.500000 0.295852 0.829333 0.041979
