14 0.208000 0.287606 0.245333 0.077461
26 0.861778 0.915792 0.191111 0.036482
12 0.161778 0.674663 0.152889 0.025987
14 0.198222 0.777361 0.225778 0.077461
12 0.212889 0.395552 0.255111 0.036482
14 0.209333 0.899800 0.248000 0.077461
12 0.268889 0.640430 0.367111 0.036482
14 0.212889 0.410045 0.255111 0.077461
14 0.209778 0.532484 0.248889 0.077461
17 0.500000 0.133433 1.000000 0.080960
12 0.198222 0.762869 0.225778 0.036482
12 0.141778 0.552224 0.112889 0.025987
12 0.208000 0.273113 0.245333 0.036482
14 0.268889 0.654923 0.367111 0.077461
12 0.209778 0.517991 0.248889 0.036482
12 0.161333 0.919540 0.152000 0.025987
37 0.500000 0.915792 1.000000 0.066467
12 0.209333 0.885307 0.248000 0.036482
26 0.122222 0.915792 0.159111 0.036482
12 0.147556 0.429785 0.124444 0.025987
12 0.168000 0.797101 0.165333 0.025987
12 0.123556 0.307346 0.076444 0.025987
