21 0.500000 0.893192 0.898219 0.058685
12 0.786684 0.777778 0.263783 0.028560
14 0.786684 0.777778 0.263783 0.028560
12 0.776930 0.580595 0.283291 0.028560
14 0.776081 0.974961 0.284987 0.028560
12 0.792197 0.406886 0.252757 0.028560
14 0.792197 0.646322 0.252757 0.028560
12 0.801527 0.514867 0.234097 0.028560
14 0.770992 0.909233 0.295165 0.028560
12 0.792197 0.646322 0.252757 0.028560
12 0.770992 0.909233 0.295165 0.028560
14 0.781595 0.712050 0.273961 0.028560
12 0.781595 0.712050 0.273961 0.028560
12 0.776081 0.974961 0.284987 0.028560
35 0.500000 0.230829 0.837150 0.029343
12 0.710772 0.843505 0.415606 0.028560
14 0.801527 0.514867 0.234097 0.028560
14 0.776930 0.580595 0.283291 0.028560
14 0.710772 0.843505 0.415606 0.028560
36 0.159033 0.406886 0.155216 0.032864
36 0.159033 0.338811 0.155216 0.032864
17 0.500000 0.135368 1.000000 0.125196
14 0.500000 0.406886 0.837150 0.032864
12 0.767176 0.338811 0.302799 0.028560
14 0.500000 0.338811 0.837150 0.032864
