11 0.650444 0.185907 0.699111 0.239880
12 0.434667 0.344828 0.267556 0.041979
14 0.150000 0.380560 0.300000 0.183408
30 0.150000 0.500000 0.300000 1.000000
12 0.131556 0.072214 0.263111 0.144428
12 0.160000 0.380560 0.053333 0.153423
12 0.160444 0.216642 0.054222 0.114443
12 0.637778 0.441029 0.673778 0.114443
12 0.164444 0.688906 0.062222 0.114443
14 0.150000 0.544478 0.300000 0.144428
14 0.150000 0.688906 0.300000 0.144428
12 0.164000 0.544478 0.061333 0.114443
14 0.150000 0.216642 0.300000 0.144428
