12 0.222222 0.395552 0.273778 0.036482
14 0.203556 0.532484 0.236444 0.077461
12 0.132444 0.552224 0.094222 0.025987
37 0.500000 0.915792 1.000000 0.066467
14 0.245333 0.899800 0.320000 0.077461
12 0.219556 0.762869 0.268444 0.036482
17 0.500000 0.133433 1.000000 0.080960
12 0.143556 0.429785 0.116444 0.025987
12 0.203556 0.517991 0.236444 0.036482
14 0.204889 0.654923 0.239111 0.077461
26 0.862667 0.915792 0.189333 0.036482
14 0.260444 0.991754 0.350222 0.016492
14 0.222222 0.410045 0.273778 0.077461
12 0.145333 0.307346 0.120000 0.025987
26 0.131556 0.915792 0.177778 0.036482
12 0.204889 0.640430 0.239111 0.036482
12 0.260444 0.994753 0.350222 0.010495
12 0.208000 0.273113 0.245333 0.036482
14 0.219556 0.777361 0.268444 0.077461
14 0.208000 0.287606 0.245333 0.077461
12 0.137333 0.797101 0.104000 0.025987
12 0.245333 0.919540 0.320000 0.025987
12 0.153333 0.674663 0.136000 0.025987
12 0.160444 0.885307 0.150222 0.036482
