4 0.262723 0.309590 0.444020 0.185691
4 0.262723 0.709140 0.444020 0.185691
11 0.262723 0.495672 0.403308 0.139525
12 0.627651 0.582649 0.173876 0.020344
11 0.737277 0.295897 0.403308 0.139525
11 0.262723 0.695447 0.403308 0.139525
11 0.737277 0.495672 0.403308 0.139525
4 0.737277 0.509365 0.444020 0.185691
12 0.153944 0.382874 0.175573 0.020344
4 0.737277 0.309590 0.444020 0.185691
17 0.500000 0.135368 1.000000 0.125196
18 0.500000 0.827074 1.000000 0.011737
4 0.262723 0.509365 0.444020 0.185691
11 0.262723 0.295897 0.403308 0.139525
12 0.192536 0.782424 0.252757 0.020344
12 0.648007 0.382874 0.214589 0.020344
12 0.184054 0.582649 0.235793 0.020344
