12 0.260390 0.155125 0.439355 0.037950
4 0.262723 0.548513 0.444020 0.170579
11 0.262723 0.519562 0.060221 0.020344
11 0.262511 0.704225 0.060221 0.020344
4 0.737277 0.733177 0.444020 0.170579
12 0.260814 0.585876 0.399491 0.024648
4 0.262723 0.733177 0.444444 0.170579
13 0.355810 0.962050 0.205259 0.020344
1 0.101781 0.865806 0.050891 0.023474
23 0.500000 0.206964 1.000000 0.042254
12 0.455471 0.865806 0.595420 0.021909
11 0.737277 0.519562 0.060221 0.020344
12 0.262723 0.770540 0.403732 0.024648
13 0.622986 0.962050 0.247668 0.020344
24 0.986005 0.248826 0.007634 0.070423
15 0.500000 0.321987 0.918575 0.164319
11 0.737277 0.704225 0.060221 0.020344
12 0.735369 0.770540 0.399491 0.024648
12 0.735369 0.585876 0.399491 0.024648
4 0.737277 0.548513 0.444020 0.170579
17 0.500000 0.129304 1.000000 0.113067
12 0.248940 0.437207 0.416455 0.028560
