12 0.164122 0.508803 0.073791 0.089593
12 0.158609 0.704421 0.062765 0.089593
14 0.150000 0.169601 0.300000 0.113067
14 0.150000 0.282668 0.300000 0.113067
12 0.160305 0.282668 0.066158 0.089593
14 0.150000 0.508803 0.300000 0.113067
12 0.164122 0.169601 0.073791 0.089593
12 0.622307 0.345266 0.642918 0.089593
12 0.428499 0.269953 0.255301 0.032864
14 0.150000 0.606612 0.300000 0.082551
12 0.162002 0.395736 0.069550 0.089593
12 0.158185 0.606612 0.061917 0.059077
30 0.150000 0.500000 0.300000 1.000000
14 0.150000 0.395736 0.300000 0.113067
14 0.150000 0.704421 0.300000 0.113067
12 0.125530 0.056534 0.251060 0.113067
11 0.650424 0.145540 0.699152 0.187793
