12 0.233333 0.600450 0.296000 0.036482
12 0.133778 0.634683 0.096889 0.025987
12 0.265333 0.722889 0.360000 0.036482
14 0.208000 0.370065 0.245333 0.077461
17 0.500000 0.133433 1.000000 0.080960
28 0.500000 0.215142 0.914667 0.046477
14 0.233333 0.614943 0.296000 0.077461
12 0.140889 0.879560 0.111111 0.025987
14 0.270222 0.859820 0.369778 0.077461
12 0.250222 0.478011 0.329778 0.036482
14 0.265333 0.737381 0.360000 0.077461
12 0.208000 0.355572 0.245333 0.036482
12 0.132444 0.757121 0.094222 0.025987
12 0.118667 0.389805 0.066667 0.025987
12 0.183111 0.512244 0.195556 0.025987
14 0.250222 0.492504 0.329778 0.077461
12 0.270222 0.845327 0.369778 0.036482
