14 0.231111 0.777361 0.291556 0.077461
12 0.208000 0.273113 0.245333 0.036482
14 0.214667 0.410045 0.258667 0.077461
12 0.204889 0.307346 0.239111 0.025987
17 0.500000 0.133433 1.000000 0.080960
12 0.217778 0.517991 0.264889 0.036482
14 0.241333 0.991754 0.312000 0.016492
14 0.250222 0.532484 0.329778 0.077461
12 0.119111 0.919540 0.067556 0.025987
12 0.241333 0.994753 0.312000 0.010495
14 0.220889 0.654923 0.271111 0.077461
26 0.609037 0.915792 0.189333 0.036482
12 0.220889 0.640430 0.271111 0.036482
12 0.204889 0.674663 0.239111 0.025987
12 0.199111 0.762869 0.227556 0.036482
12 0.214667 0.395552 0.258667 0.036482
12 0.231111 0.797101 0.291556 0.025987
12 0.250222 0.552224 0.329778 0.025987
26 0.855556 0.915792 0.203556 0.036482
14 0.208000 0.899800 0.245333 0.077461
14 0.208000 0.287606 0.245333 0.077461
26 0.139556 0.915792 0.193778 0.036482
12 0.208000 0.885307 0.245333 0.036482
12 0.169333 0.429785 0.168000 0.025987
26 0.375407 0.915792 0.177778 0.036482
37 0.500000 0.915792 1.000000 0.066467
