12 0.647583 0.582649 0.213740 0.020344
4 0.262723 0.709140 0.444020 0.185691
11 0.262723 0.895222 0.403308 0.139525
12 0.658185 0.782424 0.234945 0.020344
17 0.500000 0.135368 1.000000 0.125196
11 0.737277 0.295897 0.403308 0.139525
4 0.262723 0.908035 0.444020 0.183930
4 0.737277 0.309590 0.444020 0.185691
12 0.655640 0.382874 0.229856 0.020344
12 0.158609 0.982199 0.184902 0.020344
4 0.262723 0.309590 0.444020 0.185691
12 0.184902 0.782424 0.237489 0.020344
11 0.737277 0.695447 0.403308 0.139525
4 0.737277 0.509365 0.444020 0.185691
4 0.262723 0.509365 0.444020 0.185691
11 0.737277 0.495672 0.403308 0.139525
11 0.262723 0.695447 0.403308 0.139525
12 0.198897 0.582649 0.265479 0.020344
12 0.153944 0.382874 0.175573 0.020344
4 0.737277 0.709140 0.444020 0.185691
11 0.262723 0.495672 0.403308 0.139525
11 0.262723 0.295897 0.403308 0.139525
