35 0.500000 0.230829 0.837150 0.029343
12 0.818490 0.845853 0.200170 0.028560
36 0.159033 0.474961 0.155216 0.032864
14 0.804495 0.780125 0.228159 0.028560
12 0.753181 0.474961 0.330789 0.028560
14 0.500000 0.406886 0.837150 0.032864
36 0.159033 0.406886 0.155216 0.032864
21 0.500000 0.893192 0.898219 0.058685
36 0.159033 0.338811 0.155216 0.032864
14 0.776930 0.648670 0.283291 0.028560
12 0.796862 0.338811 0.243427 0.028560
14 0.500000 0.474961 0.837150 0.032864
17 0.500000 0.135368 1.000000 0.125196
12 0.759118 0.911581 0.318914 0.028560
14 0.801527 0.582942 0.234097 0.028560
12 0.801527 0.582942 0.234097 0.028560
12 0.826548 0.714397 0.184054 0.028560
14 0.775657 0.977308 0.285835 0.028560
12 0.776930 0.648670 0.283291 0.028560
12 0.798982 0.406886 0.239186 0.028560
14 0.818490 0.845853 0.200170 0.028560
12 0.804495 0.780125 0.228159 0.028560
12 0.775657 0.977308 0.285835 0.028560
14 0.759118 0.911581 0.318914 0.028560
14 0.500000 0.338811 0.837150 0.032864
14 0.826548 0.714397 0.184054 0.028560
