12 0.208000 0.355572 0.245333 0.036482
14 0.233333 0.971764 0.296000 0.056472
14 0.228889 0.614943 0.287111 0.077461
14 0.250222 0.737381 0.329778 0.077461
12 0.133778 0.879560 0.096889 0.025987
12 0.250222 0.722889 0.329778 0.036482
14 0.208000 0.370065 0.245333 0.077461
12 0.141333 0.757121 0.112000 0.025987
12 0.119111 0.389805 0.067556 0.025987
17 0.500000 0.133433 1.000000 0.080960
12 0.182667 0.994503 0.194667 0.010995
14 0.240889 0.859820 0.311111 0.077461
12 0.233333 0.967766 0.296000 0.036482
12 0.228889 0.634683 0.287111 0.025987
12 0.182667 0.512244 0.194667 0.025987
12 0.240889 0.845327 0.311111 0.036482
28 0.500000 0.215142 0.914667 0.046477
12 0.214222 0.478011 0.257778 0.036482
14 0.214222 0.492504 0.257778 0.077461
12 0.204889 0.600450 0.239111 0.036482
