12 0.243003 0.309664 0.323155 0.028560
12 0.167515 0.405516 0.172180 0.028560
12 0.209075 0.432316 0.255301 0.020344
26 0.149703 0.934077 0.217981 0.028560
12 0.235793 0.528169 0.308736 0.020344
14 0.198473 0.225156 0.234097 0.060642
14 0.243003 0.321009 0.323155 0.060642
37 0.500000 0.934077 1.000000 0.052034
17 0.500000 0.104460 1.000000 0.063380
14 0.209075 0.416862 0.255301 0.060642
12 0.235793 0.336463 0.308736 0.020344
26 0.517812 0.934077 0.233249 0.028560
26 0.868109 0.934077 0.182358 0.028560
12 0.224343 0.501369 0.285835 0.028560
12 0.131467 0.240610 0.100085 0.020344
12 0.198473 0.213811 0.234097 0.028560
14 0.235793 0.512715 0.308736 0.060642
