8 0.500000 0.608196 0.829333 0.036482
14 0.223556 0.828586 0.276444 0.036482
14 0.197333 0.912544 0.224000 0.036482
14 0.275111 0.989130 0.379556 0.021739
12 0.258667 0.383308 0.346667 0.036482
34 0.500000 0.928036 1.000000 0.143928
36 0.833333 0.383308 0.162667 0.041979
14 0.500000 0.383308 0.829333 0.041979
36 0.833333 0.296352 0.162667 0.041979
14 0.217778 0.744628 0.264889 0.036482
17 0.500000 0.172914 1.000000 0.159920
10 0.500000 0.840330 0.357333 0.007496
12 0.160444 0.470265 0.150222 0.036482
12 0.223111 0.608196 0.275556 0.036482
36 0.833333 0.470265 0.162667 0.041979
14 0.500000 0.470265 0.829333 0.041979
12 0.208000 0.296352 0.245333 0.036482
14 0.500000 0.296352 0.829333 0.041979
