12 0.479556 0.769490 0.189333 0.025987
4 0.815556 0.357134 0.283556 0.160545
17 0.500000 0.172914 1.000000 0.159920
4 0.500000 0.714205 0.283556 0.160545
12 0.126667 0.590955 0.114667 0.025987
11 0.500000 0.696714 0.240889 0.101574
12 0.470222 0.590955 0.170667 0.025987
11 0.500000 0.518178 0.240889 0.101574
18 0.500000 0.827086 1.000000 0.014993
11 0.184444 0.339643 0.240889 0.101574
11 0.184444 0.696714 0.240889 0.101574
11 0.815556 0.339643 0.240889 0.101574
12 0.472000 0.412419 0.174222 0.025987
4 0.815556 0.535670 0.283556 0.160545
11 0.500000 0.339643 0.240889 0.101574
4 0.500000 0.357134 0.283556 0.160545
11 0.815556 0.518178 0.240889 0.101574
4 0.500000 0.535670 0.283556 0.160545
4 0.184444 0.714205 0.283556 0.160545
4 0.184444 0.357134 0.283556 0.160545
4 0.184444 0.535670 0.283556 0.160545
12 0.175111 0.769490 0.211556 0.025987
12 0.804000 0.412419 0.207111 0.025987
12 0.161333 0.412419 0.184000 0.025987
12 0.774222 0.590955 0.147556 0.025987
11 0.184444 0.518178 0.240889 0.101574
