34 0.500000 0.943662 1.000000 0.112676
12 0.245971 0.299687 0.329092 0.028560
14 0.500000 0.367762 0.837150 0.032864
14 0.243003 0.976917 0.323155 0.028560
12 0.212892 0.475743 0.262935 0.028560
8 0.269296 0.672926 0.273961 0.028560
12 0.198473 0.231612 0.234097 0.028560
14 0.269296 0.607199 0.273961 0.028560
36 0.840967 0.231612 0.155216 0.032864
10 0.500000 0.875000 0.340967 0.005869
14 0.269296 0.672926 0.273961 0.028560
36 0.840967 0.299687 0.155216 0.032864
14 0.189143 0.911189 0.215437 0.028560
12 0.243003 0.367762 0.323155 0.028560
14 0.500000 0.231612 0.837150 0.032864
14 0.195505 0.779734 0.228159 0.028560
14 0.222646 0.845462 0.282443 0.028560
14 0.275233 0.541471 0.285835 0.028560
36 0.840967 0.367762 0.155216 0.032864
17 0.500000 0.135172 1.000000 0.124804
14 0.500000 0.299687 0.837150 0.032864
