4 0.815556 0.371377 0.283556 0.189030
11 0.500000 0.546664 0.240889 0.101574
11 0.184444 0.353886 0.240889 0.101574
11 0.184444 0.560907 0.240889 0.101574
11 0.815556 0.339643 0.240889 0.101574
12 0.770667 0.426662 0.140444 0.054473
12 0.154667 0.633683 0.170667 0.025987
11 0.500000 0.353886 0.240889 0.101574
4 0.184444 0.578398 0.283556 0.160545
17 0.500000 0.172914 1.000000 0.159920
12 0.458222 0.633683 0.146667 0.054473
18 0.500000 0.705647 1.000000 0.014993
12 0.476000 0.426662 0.182222 0.025987
4 0.184444 0.371377 0.283556 0.160545
4 0.500000 0.578398 0.283556 0.189030
12 0.161333 0.426662 0.184000 0.025987
4 0.500000 0.371377 0.283556 0.160545
