14 0.500000 0.519740 0.829333 0.041979
21 0.500000 0.863568 0.893333 0.074963
12 0.854222 0.741629 0.120889 0.036482
12 0.776444 0.987631 0.276444 0.024738
12 0.764889 0.825587 0.299556 0.036482
14 0.500000 0.432784 0.829333 0.041979
36 0.166667 0.519740 0.162667 0.041979
12 0.784889 0.519740 0.259556 0.036482
14 0.776444 0.987631 0.276444 0.024738
17 0.500000 0.172914 1.000000 0.159920
14 0.854222 0.741629 0.120889 0.036482
14 0.792000 0.657671 0.245333 0.036482
12 0.745333 0.909545 0.338667 0.036482
12 0.792000 0.657671 0.245333 0.036482
12 0.696889 0.432784 0.435556 0.036482
35 0.500000 0.294853 0.829333 0.037481
36 0.166667 0.432784 0.162667 0.041979
14 0.745333 0.909545 0.338667 0.036482
14 0.764889 0.825587 0.299556 0.036482
