12 0.198473 0.278365 0.234097 0.028560
12 0.175148 0.374218 0.187447 0.028560
12 0.117897 0.592723 0.072943 0.020344
12 0.173452 0.565923 0.184054 0.028560
28 0.500000 0.168427 0.918575 0.036385
12 0.161154 0.401017 0.159457 0.020344
12 0.125954 0.496870 0.089059 0.020344
17 0.500000 0.104460 1.000000 0.063380
12 0.217557 0.470070 0.272265 0.028560
12 0.172180 0.305164 0.181510 0.020344
14 0.175148 0.385563 0.187447 0.060642
14 0.198473 0.289710 0.234097 0.060642
14 0.217557 0.481416 0.272265 0.060642
14 0.173452 0.577269 0.184054 0.060642
