4 0.183630 0.282228 0.285835 0.130966
11 0.183630 0.424736 0.245123 0.084800
11 0.500000 0.413586 0.245123 0.084800
4 0.816370 0.438429 0.285835 0.153267
17 0.500000 0.135368 1.000000 0.125196
4 0.816370 0.282228 0.285835 0.130966
12 0.165394 0.640552 0.198473 0.020344
11 0.183630 0.580937 0.245123 0.084800
11 0.183630 0.268535 0.245123 0.084800
11 0.816370 0.413586 0.245123 0.084800
4 0.183630 0.594630 0.285835 0.130966
12 0.450806 0.484351 0.136556 0.042645
12 0.153944 0.328149 0.175573 0.020344
12 0.156489 0.484351 0.180662 0.020344
4 0.183630 0.438429 0.285835 0.130966
11 0.500000 0.268535 0.245123 0.084800
4 0.500000 0.282228 0.285835 0.130966
4 0.500000 0.438429 0.285835 0.153267
12 0.482612 0.328149 0.200170 0.020344
18 0.500000 0.685055 1.000000 0.011737
12 0.807040 0.328149 0.216285 0.020344
11 0.816370 0.268535 0.245123 0.084800
12 0.766327 0.484351 0.134860 0.042645
