12 0.781595 0.646322 0.273961 0.028560
12 0.776506 0.338811 0.284139 0.028560
12 0.777354 0.777778 0.282443 0.028560
14 0.781595 0.646322 0.273961 0.028560
35 0.500000 0.230829 0.837150 0.029343
12 0.801527 0.514867 0.234097 0.028560
12 0.812129 0.909233 0.212892 0.028560
14 0.785835 0.712050 0.265479 0.028560
12 0.763359 0.843505 0.310433 0.028560
14 0.500000 0.406886 0.837150 0.032864
14 0.777354 0.777778 0.282443 0.028560
36 0.159033 0.338811 0.155216 0.032864
14 0.812129 0.909233 0.212892 0.028560
12 0.785835 0.712050 0.265479 0.028560
12 0.860899 0.406886 0.115352 0.028560
12 0.770568 0.974961 0.296014 0.028560
12 0.752332 0.580595 0.332485 0.028560
14 0.763359 0.843505 0.310433 0.028560
36 0.159033 0.406886 0.155216 0.032864
21 0.500000 0.893192 0.898219 0.058685
14 0.801527 0.514867 0.234097 0.028560
17 0.500000 0.135368 1.000000 0.125196
14 0.500000 0.338811 0.837150 0.032864
14 0.752332 0.580595 0.332485 0.028560
14 0.770568 0.974961 0.296014 0.028560
