8 0.500000 0.520740 0.829333 0.036482
14 0.204444 0.657171 0.238222 0.036482
12 0.223111 0.520740 0.275556 0.036482
14 0.500000 0.295852 0.829333 0.041979
36 0.833333 0.295852 0.162667 0.041979
10 0.500000 0.840330 0.357333 0.007496
14 0.500000 0.382809 0.829333 0.041979
14 0.198667 0.741129 0.226667 0.036482
12 0.270222 0.382809 0.369778 0.036482
34 0.500000 0.928036 1.000000 0.143928
12 0.208000 0.295852 0.245333 0.036482
36 0.833333 0.382809 0.162667 0.041979
17 0.500000 0.172664 1.000000 0.159420
14 0.240444 0.825087 0.310222 0.036482
14 0.233333 0.909045 0.296000 0.036482
