12 0.153096 0.651702 0.173876 0.020344
12 0.789228 0.651702 0.180662 0.020344
12 0.447837 0.651702 0.130619 0.042645
4 0.500000 0.449579 0.285835 0.130966
11 0.183630 0.592087 0.245123 0.084800
11 0.500000 0.435886 0.245123 0.084800
11 0.500000 0.268535 0.245123 0.084800
17 0.500000 0.135368 1.000000 0.125196
12 0.785835 0.339300 0.173876 0.020344
12 0.153944 0.339300 0.175573 0.020344
11 0.183630 0.279685 0.245123 0.084800
4 0.183630 0.605781 0.285835 0.130966
12 0.795165 0.495501 0.192536 0.020344
4 0.816370 0.605781 0.285835 0.130966
18 0.500000 0.707355 1.000000 0.011737
12 0.183630 0.495501 0.234945 0.020344
11 0.816370 0.279685 0.245123 0.084800
12 0.437235 0.495501 0.109415 0.020344
4 0.500000 0.605781 0.285835 0.153267
11 0.183630 0.435886 0.245123 0.084800
4 0.816370 0.293378 0.285835 0.130966
11 0.500000 0.580937 0.245123 0.084800
11 0.816370 0.592087 0.245123 0.084800
4 0.500000 0.293378 0.285835 0.153267
4 0.816370 0.449579 0.285835 0.130966
4 0.183630 0.449579 0.285835 0.130966
4 0.183630 0.293378 0.285835 0.130966
11 0.816370 0.435886 0.245123 0.084800
12 0.449958 0.339300 0.134860 0.042645
