12 0.804444 0.412419 0.208000 0.025987
12 0.178667 0.605197 0.218667 0.025987
11 0.184444 0.532421 0.240889 0.101574
12 0.161333 0.412419 0.184000 0.025987
4 0.500000 0.357134 0.283556 0.160545
4 0.500000 0.756934 0.283556 0.160545
4 0.184444 0.756934 0.283556 0.160545
17 0.500000 0.172914 1.000000 0.159920
11 0.815556 0.725200 0.240889 0.101574
4 0.500000 0.549913 0.283556 0.160545
12 0.497333 0.605197 0.224889 0.025987
12 0.772889 0.605197 0.144889 0.054473
11 0.815556 0.339643 0.240889 0.101574
4 0.184444 0.357134 0.283556 0.160545
11 0.500000 0.532421 0.240889 0.101574
4 0.815556 0.357134 0.283556 0.160545
11 0.815556 0.518178 0.240889 0.101574
4 0.815556 0.549913 0.283556 0.189030
12 0.788444 0.812219 0.176000 0.054473
18 0.500000 0.884058 1.000000 0.014993
11 0.500000 0.339643 0.240889 0.101574
4 0.184444 0.549913 0.283556 0.160545
4 0.815556 0.756934 0.283556 0.189030
11 0.184444 0.339643 0.240889 0.101574
12 0.160444 0.812219 0.182222 0.025987
12 0.472000 0.412419 0.174222 0.025987
11 0.184444 0.739443 0.240889 0.101574
11 0.500000 0.739443 0.240889 0.101574
12 0.458667 0.812219 0.147556 0.025987
