12 0.428499 0.269953 0.255301 0.032864
14 0.150000 0.154343 0.300000 0.082551
30 0.150000 0.500000 0.300000 1.000000
12 0.159457 0.673905 0.064461 0.089593
14 0.150000 0.560837 0.300000 0.113067
14 0.150000 0.447770 0.300000 0.113067
12 0.646904 0.345266 0.692112 0.089593
12 0.164122 0.560837 0.073791 0.089593
11 0.650424 0.145540 0.699152 0.187793
12 0.158185 0.154343 0.061917 0.059077
12 0.164122 0.334703 0.073791 0.089593
14 0.150000 0.673905 0.300000 0.113067
14 0.150000 0.236894 0.300000 0.082551
12 0.161578 0.236894 0.068702 0.059077
14 0.150000 0.334703 0.300000 0.113067
12 0.125530 0.056534 0.251060 0.113067
12 0.160305 0.447770 0.066158 0.089593
