26 0.387475 0.934077 0.233249 0.028560
26 0.868109 0.934077 0.182358 0.028560
37 0.500000 0.934077 1.000000 0.052034
14 0.198473 0.225156 0.234097 0.060642
12 0.207379 0.432316 0.251908 0.020344
12 0.128075 0.240610 0.093299 0.020344
17 0.500000 0.104460 1.000000 0.063380
14 0.289228 0.416862 0.415606 0.060642
14 0.199746 0.321009 0.236641 0.060642
14 0.235793 0.512715 0.308736 0.060642
26 0.640515 0.934077 0.151824 0.028560
26 0.125530 0.934077 0.169635 0.028560
12 0.153944 0.336463 0.145038 0.020344
12 0.235793 0.501369 0.308736 0.028560
12 0.289228 0.405516 0.415606 0.028560
12 0.199746 0.309664 0.236641 0.028560
12 0.170483 0.528169 0.178117 0.020344
12 0.198473 0.213811 0.234097 0.028560
