36 0.868957 0.209507 0.160305 0.032864
36 0.868957 0.270540 0.160305 0.032864
36 0.868957 0.331573 0.160305 0.032864
36 0.868957 0.439554 0.160305 0.032864
36 0.868957 0.500587 0.160305 0.032864
36 0.868957 0.561620 0.160305 0.032864
36 0.868957 0.622653 0.160305 0.032864
36 0.868957 0.730634 0.160305 0.032864
36 0.868957 0.791667 0.160305 0.032864
36 0.868957 0.852700 0.160305 0.032864
36 0.868957 0.913732 0.160305 0.032864
21 0.500000 0.987089 0.918575 0.025822
17 0.500000 0.062207 1.000000 0.124413
