4 0.815556 0.549913 0.283556 0.189030
12 0.490667 0.797976 0.211556 0.025987
11 0.500000 0.725200 0.240889 0.101574
4 0.184444 0.742691 0.283556 0.160545
4 0.500000 0.742691 0.283556 0.160545
12 0.456444 0.605197 0.143111 0.054473
11 0.184444 0.339643 0.240889 0.101574
17 0.500000 0.172914 1.000000 0.159920
4 0.184444 0.357134 0.283556 0.160545
12 0.473333 0.412419 0.176889 0.025987
12 0.788444 0.605197 0.176000 0.054473
11 0.184444 0.725200 0.240889 0.101574
11 0.815556 0.518178 0.240889 0.101574
4 0.815556 0.357134 0.283556 0.160545
11 0.500000 0.339643 0.240889 0.101574
18 0.500000 0.855572 1.000000 0.014993
11 0.500000 0.518178 0.240889 0.101574
4 0.500000 0.549913 0.283556 0.189030
4 0.500000 0.357134 0.283556 0.160545
4 0.184444 0.549913 0.283556 0.160545
11 0.815556 0.339643 0.240889 0.101574
12 0.115111 0.797976 0.091556 0.025987
12 0.126667 0.605197 0.114667 0.025987
12 0.161333 0.412419 0.184000 0.025987
12 0.744444 0.412419 0.088000 0.025987
11 0.184444 0.532421 0.240889 0.101574
