12 0.176845 0.688576 0.190840 0.020344
14 0.238762 0.673122 0.314673 0.060642
12 0.238762 0.661776 0.314673 0.028560
12 0.181510 0.374218 0.200170 0.028560
17 0.500000 0.104460 1.000000 0.063380
14 0.198473 0.289710 0.234097 0.060642
14 0.214165 0.577269 0.265479 0.060642
12 0.157761 0.496870 0.152672 0.020344
12 0.145462 0.592723 0.128075 0.020344
28 0.500000 0.168427 0.918575 0.036385
12 0.214165 0.565923 0.265479 0.028560
14 0.200170 0.385563 0.237489 0.060642
12 0.161578 0.305164 0.160305 0.020344
12 0.243003 0.757629 0.323155 0.028560
14 0.207803 0.481416 0.252757 0.060642
12 0.181086 0.784429 0.199321 0.020344
12 0.198473 0.278365 0.234097 0.028560
14 0.243003 0.768975 0.323155 0.060642
12 0.207803 0.470070 0.252757 0.028560
12 0.200170 0.401017 0.237489 0.020344
