4 0.815556 0.578398 0.283556 0.189030
12 0.457333 0.840705 0.144889 0.054473
11 0.500000 0.753686 0.240889 0.101574
4 0.184444 0.785420 0.283556 0.160545
4 0.500000 0.785420 0.283556 0.189030
12 0.488889 0.633683 0.208000 0.025987
11 0.184444 0.353886 0.240889 0.101574
4 0.815556 0.785420 0.283556 0.160545
17 0.500000 0.172914 1.000000 0.159920
4 0.184444 0.371377 0.283556 0.160545
12 0.775556 0.633683 0.150222 0.054473
12 0.500000 0.426662 0.230222 0.025987
11 0.184444 0.767929 0.240889 0.101574
11 0.815556 0.546664 0.240889 0.101574
4 0.815556 0.371377 0.283556 0.189030
11 0.500000 0.353886 0.240889 0.101574
18 0.500000 0.912544 1.000000 0.014993
11 0.500000 0.560907 0.240889 0.101574
4 0.500000 0.578398 0.283556 0.160545
4 0.500000 0.371377 0.283556 0.160545
11 0.815556 0.767929 0.240889 0.101574
11 0.815556 0.339643 0.240889 0.101574
4 0.184444 0.578398 0.283556 0.189030
12 0.135556 0.633683 0.132444 0.054473
12 0.796444 0.426662 0.192000 0.054473
12 0.774222 0.840705 0.147556 0.025987
12 0.173333 0.840705 0.208000 0.025987
11 0.184444 0.546664 0.240889 0.101574
12 0.161333 0.426662 0.184000 0.025987
