12 0.803111 0.909545 0.223111 0.036482
12 0.765778 0.432784 0.297778 0.036482
12 0.765333 0.825587 0.298667 0.036482
21 0.500000 0.863568 0.893333 0.074963
14 0.803111 0.909545 0.223111 0.036482
12 0.739556 0.519740 0.350222 0.036482
17 0.500000 0.172914 1.000000 0.159920
14 0.500000 0.519740 0.829333 0.041979
14 0.792000 0.657671 0.245333 0.036482
12 0.792000 0.657671 0.245333 0.036482
14 0.752444 0.987631 0.324444 0.024738
12 0.752444 0.987631 0.324444 0.024738
14 0.778667 0.741629 0.272000 0.036482
14 0.500000 0.432784 0.829333 0.041979
12 0.778667 0.741629 0.272000 0.036482
35 0.500000 0.294853 0.829333 0.037481
14 0.765333 0.825587 0.298667 0.036482
36 0.166667 0.519740 0.162667 0.041979
36 0.166667 0.432784 0.162667 0.041979
