12 0.759556 0.519740 0.310222 0.036482
21 0.500000 0.863568 0.893333 0.074963
36 0.166667 0.432784 0.162667 0.041979
36 0.166667 0.519740 0.162667 0.041979
12 0.751111 0.606697 0.327111 0.036482
12 0.792000 0.744628 0.245333 0.036482
14 0.801333 0.912544 0.226667 0.036482
36 0.166667 0.606697 0.162667 0.041979
14 0.736000 0.828586 0.357333 0.036482
35 0.500000 0.294853 0.829333 0.037481
12 0.801333 0.912544 0.226667 0.036482
12 0.777778 0.989130 0.273778 0.021739
14 0.500000 0.519740 0.829333 0.041979
14 0.500000 0.432784 0.829333 0.041979
17 0.500000 0.172914 1.000000 0.159920
12 0.736000 0.828586 0.357333 0.036482
14 0.500000 0.606697 0.829333 0.041979
14 0.792000 0.744628 0.245333 0.036482
14 0.777778 0.989130 0.273778 0.021739
12 0.762222 0.432784 0.304889 0.036482
