12 0.198473 0.213811 0.234097 0.028560
26 0.868957 0.934077 0.180662 0.028560
14 0.198473 0.225156 0.234097 0.060642
37 0.500000 0.934077 1.000000 0.052034
12 0.113656 0.432316 0.064461 0.020344
12 0.137829 0.240610 0.112807 0.020344
17 0.500000 0.104460 1.000000 0.063380
14 0.136556 0.416862 0.110263 0.060642
14 0.212468 0.321009 0.262087 0.060642
14 0.223070 0.512715 0.283291 0.060642
26 0.646876 0.934077 0.169635 0.028560
26 0.137829 0.934077 0.194232 0.028560
12 0.212468 0.336463 0.262087 0.020344
12 0.223070 0.501369 0.283291 0.028560
12 0.136556 0.405516 0.110263 0.028560
12 0.170483 0.528169 0.178117 0.020344
12 0.209500 0.309664 0.256149 0.028560
26 0.398502 0.934077 0.233249 0.028560
