12 0.481764 0.651702 0.198473 0.020344
4 0.816370 0.282228 0.285835 0.130966
17 0.500000 0.135368 1.000000 0.125196
4 0.500000 0.605781 0.285835 0.130966
12 0.173452 0.484351 0.214589 0.020344
11 0.500000 0.592087 0.245123 0.084800
12 0.494911 0.484351 0.224767 0.020344
11 0.500000 0.424736 0.245123 0.084800
18 0.500000 0.707355 1.000000 0.011737
11 0.183630 0.268535 0.245123 0.084800
11 0.183630 0.580937 0.245123 0.084800
11 0.816370 0.268535 0.245123 0.084800
12 0.482612 0.328149 0.200170 0.020344
4 0.816370 0.438429 0.285835 0.153267
11 0.500000 0.268535 0.245123 0.084800
12 0.796438 0.651702 0.195081 0.020344
4 0.500000 0.282228 0.285835 0.130966
11 0.816370 0.413586 0.245123 0.084800
4 0.500000 0.438429 0.285835 0.130966
4 0.183630 0.605781 0.285835 0.153267
4 0.183630 0.282228 0.285835 0.130966
4 0.816370 0.605781 0.285835 0.130966
4 0.183630 0.438429 0.285835 0.130966
12 0.790500 0.328149 0.183206 0.020344
12 0.136132 0.651702 0.139949 0.042645
12 0.153944 0.328149 0.175573 0.020344
12 0.767176 0.484351 0.136556 0.042645
11 0.183630 0.424736 0.245123 0.084800
11 0.816370 0.592087 0.245123 0.084800
