14 0.240882 0.779734 0.318914 0.028560
14 0.253605 0.672926 0.242578 0.028560
14 0.136556 0.911189 0.110263 0.028560
10 0.500000 0.875000 0.340967 0.005869
12 0.175148 0.367762 0.187447 0.028560
14 0.500000 0.299687 0.837150 0.032864
14 0.246395 0.607199 0.228159 0.028560
36 0.840967 0.231612 0.155216 0.032864
36 0.840967 0.367762 0.155216 0.032864
14 0.257422 0.976917 0.351993 0.028560
17 0.500000 0.135172 1.000000 0.124804
36 0.840967 0.299687 0.155216 0.032864
14 0.187871 0.845462 0.212892 0.028560
12 0.212892 0.475743 0.262935 0.028560
12 0.289228 0.299687 0.415606 0.028560
14 0.302799 0.541471 0.340967 0.028560
34 0.500000 0.943662 1.000000 0.112676
14 0.500000 0.231612 0.837150 0.032864
8 0.253605 0.672926 0.242578 0.028560
14 0.500000 0.367762 0.837150 0.032864
12 0.198473 0.231612 0.234097 0.028560
