12 0.223111 0.520740 0.275556 0.036482
8 0.500000 0.520740 0.829333 0.036482
14 0.500000 0.295852 0.829333 0.041979
17 0.500000 0.172664 1.000000 0.159420
36 0.833333 0.382809 0.162667 0.041979
34 0.500000 0.928036 1.000000 0.143928
12 0.208000 0.295852 0.245333 0.036482
14 0.232444 0.657171 0.294222 0.036482
14 0.269778 0.909045 0.368889 0.036482
36 0.833333 0.295852 0.162667 0.041979
14 0.500000 0.382809 0.829333 0.041979
14 0.261778 0.987381 0.352889 0.025237
14 0.224444 0.825087 0.278222 0.036482
14 0.259556 0.741129 0.348444 0.036482
10 0.500000 0.840330 0.357333 0.007496
12 0.270222 0.382809 0.369778 0.036482
