4 0.183630 0.438429 0.285835 0.153267
11 0.816370 0.580937 0.245123 0.084800
17 0.500000 0.135368 1.000000 0.125196
4 0.816370 0.438429 0.285835 0.130966
11 0.500000 0.424736 0.245123 0.084800
11 0.816370 0.268535 0.245123 0.084800
18 0.500000 0.707355 1.000000 0.011737
12 0.791349 0.328149 0.184902 0.020344
11 0.500000 0.268535 0.245123 0.084800
11 0.183630 0.592087 0.245123 0.084800
11 0.183630 0.268535 0.245123 0.084800
11 0.183630 0.413586 0.245123 0.084800
11 0.816370 0.424736 0.245123 0.084800
4 0.183630 0.282228 0.285835 0.130966
4 0.500000 0.438429 0.285835 0.130966
12 0.162426 0.651702 0.192536 0.020344
4 0.183630 0.605781 0.285835 0.130966
12 0.767176 0.651702 0.136556 0.042645
12 0.780746 0.484351 0.163698 0.020344
12 0.129347 0.484351 0.126378 0.042645
11 0.500000 0.580937 0.245123 0.084800
12 0.153944 0.328149 0.175573 0.020344
4 0.816370 0.605781 0.285835 0.153267
4 0.816370 0.282228 0.285835 0.130966
4 0.500000 0.282228 0.285835 0.130966
12 0.482612 0.328149 0.200170 0.020344
12 0.447837 0.651702 0.130619 0.042645
12 0.476251 0.484351 0.187447 0.020344
4 0.500000 0.605781 0.285835 0.153267
