36 0.833333 0.556722 0.162667 0.041979
36 0.833333 0.295852 0.162667 0.041979
14 0.219556 0.990380 0.268444 0.019240
12 0.265333 0.469765 0.360000 0.036482
12 0.233778 0.382809 0.296889 0.036482
14 0.303111 0.831084 0.435556 0.036482
10 0.500000 0.840330 0.357333 0.007496
14 0.500000 0.556722 0.829333 0.041979
34 0.500000 0.928036 1.000000 0.143928
12 0.224444 0.556722 0.278222 0.036482
14 0.500000 0.295852 0.829333 0.041979
8 0.500000 0.694653 0.829333 0.036482
36 0.833333 0.382809 0.162667 0.041979
36 0.833333 0.469765 0.162667 0.041979
12 0.208000 0.295852 0.245333 0.036482
17 0.500000 0.172664 1.000000 0.159420
14 0.240444 0.915042 0.310222 0.036482
14 0.500000 0.382809 0.829333 0.041979
12 0.223111 0.694653 0.275556 0.036482
14 0.500000 0.469765 0.829333 0.041979
