14 0.500000 0.382809 0.829333 0.041979
14 0.261778 0.825087 0.352889 0.036482
12 0.261778 0.382809 0.352889 0.036482
34 0.500000 0.928036 1.000000 0.143928
12 0.208000 0.295852 0.245333 0.036482
10 0.500000 0.840330 0.357333 0.007496
14 0.196889 0.987381 0.223111 0.025237
14 0.199111 0.741129 0.227556 0.036482
36 0.833333 0.295852 0.162667 0.041979
14 0.500000 0.295852 0.829333 0.041979
12 0.223111 0.520740 0.275556 0.036482
14 0.210222 0.909045 0.249778 0.036482
17 0.500000 0.172664 1.000000 0.159420
36 0.833333 0.382809 0.162667 0.041979
14 0.234667 0.657171 0.298667 0.036482
8 0.500000 0.520740 0.829333 0.036482
