14 0.190667 0.773113 0.104000 0.036482
17 0.500000 0.172914 1.000000 0.159920
14 0.500000 0.296352 0.829333 0.041979
12 0.223111 0.521239 0.275556 0.036482
14 0.250222 0.689155 0.223111 0.036482
36 0.833333 0.296352 0.162667 0.041979
8 0.190667 0.773113 0.104000 0.036482
10 0.500000 0.840330 0.357333 0.007496
12 0.208000 0.296352 0.245333 0.036482
14 0.259556 0.909545 0.348444 0.036482
14 0.276889 0.605197 0.276444 0.036482
14 0.240444 0.987631 0.310222 0.024738
14 0.500000 0.383308 0.829333 0.041979
12 0.236444 0.383308 0.302222 0.036482
36 0.833333 0.383308 0.162667 0.041979
34 0.500000 0.928036 1.000000 0.143928
