14 0.150000 0.267410 0.300000 0.082551
12 0.161578 0.267410 0.068702 0.059077
30 0.150000 0.500000 0.300000 1.000000
14 0.150000 0.591354 0.300000 0.113067
12 0.158185 0.689163 0.061917 0.059077
12 0.162002 0.169601 0.069550 0.089593
12 0.473028 0.269953 0.344360 0.032864
14 0.150000 0.689163 0.300000 0.082551
12 0.164122 0.591354 0.073791 0.089593
14 0.150000 0.771714 0.300000 0.082551
12 0.164122 0.365219 0.073791 0.089593
12 0.164546 0.771714 0.074640 0.059077
14 0.150000 0.169601 0.300000 0.113067
11 0.650424 0.145540 0.699152 0.187793
14 0.150000 0.478286 0.300000 0.113067
14 0.150000 0.365219 0.300000 0.113067
12 0.125530 0.056534 0.251060 0.113067
12 0.160305 0.478286 0.066158 0.089593
12 0.622307 0.345266 0.642918 0.089593
