12 0.160305 0.508803 0.066158 0.089593
12 0.164122 0.282668 0.073791 0.089593
14 0.150000 0.169601 0.300000 0.113067
14 0.150000 0.282668 0.300000 0.113067
14 0.150000 0.508803 0.300000 0.113067
12 0.164122 0.169601 0.073791 0.089593
12 0.624852 0.345266 0.648007 0.089593
12 0.473028 0.269953 0.344360 0.032864
12 0.158609 0.395736 0.062765 0.089593
30 0.150000 0.500000 0.300000 1.000000
14 0.150000 0.395736 0.300000 0.113067
12 0.125530 0.056534 0.251060 0.113067
11 0.650424 0.145540 0.699152 0.187793
