14 0.200170 0.385563 0.237489 0.060642
12 0.175997 0.592723 0.189143 0.020344
12 0.153096 0.496870 0.143342 0.020344
12 0.224343 0.565923 0.285835 0.028560
17 0.500000 0.104460 1.000000 0.063380
12 0.155216 0.401017 0.147583 0.020344
14 0.198473 0.481416 0.234097 0.060642
14 0.224343 0.577269 0.285835 0.060642
12 0.137829 0.305164 0.112807 0.020344
12 0.198473 0.470070 0.234097 0.028560
14 0.198473 0.289710 0.234097 0.060642
12 0.200170 0.374218 0.237489 0.028560
28 0.500000 0.168427 0.918575 0.036385
12 0.198473 0.278365 0.234097 0.028560
