12 0.198473 0.231612 0.234097 0.028560
34 0.500000 0.943662 1.000000 0.112676
14 0.211196 0.911189 0.259542 0.028560
12 0.200170 0.299687 0.237489 0.028560
36 0.840967 0.367762 0.155216 0.032864
12 0.251484 0.367762 0.340119 0.028560
14 0.500000 0.367762 0.837150 0.032864
14 0.253181 0.976917 0.343511 0.028560
14 0.229008 0.845462 0.295165 0.028560
17 0.500000 0.135172 1.000000 0.124804
36 0.840967 0.231612 0.155216 0.032864
36 0.840967 0.299687 0.155216 0.032864
14 0.304071 0.607199 0.343511 0.028560
14 0.194232 0.779734 0.225615 0.028560
14 0.340119 0.541471 0.415606 0.028560
14 0.500000 0.231612 0.837150 0.032864
14 0.273961 0.672926 0.283291 0.028560
8 0.273961 0.672926 0.283291 0.028560
12 0.212892 0.475743 0.262935 0.028560
14 0.500000 0.299687 0.837150 0.032864
10 0.500000 0.875000 0.340967 0.005869
