12 0.224444 0.478011 0.278222 0.036482
17 0.500000 0.133433 1.000000 0.080960
14 0.223556 0.737381 0.276444 0.077461
12 0.165333 0.634683 0.160000 0.025987
28 0.500000 0.215142 0.914667 0.046477
14 0.224444 0.492504 0.278222 0.077461
12 0.208000 0.355572 0.245333 0.036482
12 0.229778 0.389805 0.288889 0.025987
14 0.229778 0.370065 0.288889 0.077461
12 0.223556 0.722889 0.276444 0.036482
14 0.260444 0.614943 0.350222 0.077461
12 0.124444 0.512244 0.078222 0.025987
12 0.168000 0.757121 0.165333 0.025987
12 0.260444 0.600450 0.350222 0.036482
