12 0.160444 0.216642 0.054222 0.114443
12 0.131556 0.072214 0.263111 0.144428
12 0.160444 0.649925 0.054222 0.114443
12 0.430222 0.344828 0.258667 0.041979
14 0.150000 0.380560 0.300000 0.183408
14 0.150000 0.649925 0.300000 0.144428
14 0.150000 0.524988 0.300000 0.105447
14 0.150000 0.216642 0.300000 0.144428
12 0.160000 0.524988 0.053333 0.075462
12 0.164889 0.380560 0.063111 0.153423
11 0.650444 0.185907 0.699111 0.239880
14 0.150000 0.794353 0.300000 0.144428
12 0.650444 0.421539 0.699111 0.075462
12 0.164444 0.794353 0.062222 0.114443
30 0.150000 0.500000 0.300000 1.000000
