14 0.196889 0.971764 0.223111 0.056472
14 0.233778 0.492504 0.296889 0.077461
12 0.209778 0.634683 0.248889 0.025987
12 0.147111 0.994503 0.123556 0.010995
28 0.500000 0.215142 0.914667 0.046477
12 0.232444 0.722889 0.294222 0.036482
12 0.204889 0.845327 0.239111 0.036482
12 0.217333 0.512244 0.264000 0.025987
14 0.233778 0.614943 0.296889 0.077461
17 0.500000 0.133433 1.000000 0.080960
12 0.196889 0.967766 0.223111 0.036482
14 0.204889 0.859820 0.239111 0.077461
12 0.145333 0.389805 0.120000 0.025987
14 0.232444 0.737381 0.294222 0.077461
12 0.233778 0.600450 0.296889 0.036482
12 0.233778 0.478011 0.296889 0.036482
14 0.208000 0.370065 0.245333 0.077461
12 0.123556 0.879560 0.076444 0.025987
12 0.208000 0.355572 0.245333 0.036482
12 0.162667 0.757121 0.154667 0.025987
