14 0.500000 0.575509 1.000000 0.065728
9 0.459288 0.102113 0.315522 0.041080
17 0.500000 0.180947 1.000000 0.098983
12 0.411366 0.263693 0.520780 0.028560
12 0.399491 0.338811 0.497031 0.028560
25 0.500000 0.204617 1.000000 0.051643
12 0.360899 0.489045 0.419847 0.028560
12 0.133164 0.150430 0.184902 0.037950
14 0.500000 0.425274 1.000000 0.065728
34 0.500000 0.929577 1.000000 0.061033
32 0.500000 0.102113 1.000000 0.058685
14 0.500000 0.350156 1.000000 0.065728
12 0.366836 0.413928 0.431722 0.028560
12 0.402036 0.564163 0.502120 0.028560
14 0.500000 0.275039 1.000000 0.065728
12 0.501272 0.873239 0.106870 0.020344
14 0.500000 0.500391 1.000000 0.065728
37 0.500000 0.873239 1.000000 0.051643
