12 0.142918 0.150430 0.204411 0.037950
14 0.665818 0.650626 0.668363 0.065728
25 0.500000 0.204617 1.000000 0.051643
14 0.665818 0.500391 0.668363 0.065728
12 0.650127 0.489045 0.335030 0.028560
14 0.665818 0.350156 0.668363 0.065728
9 0.460136 0.102113 0.315522 0.041080
12 0.646310 0.338811 0.327396 0.028560
12 0.644190 0.639280 0.323155 0.028560
14 0.665818 0.575509 0.668363 0.065728
34 0.500000 0.929577 1.000000 0.061033
12 0.643766 0.564163 0.322307 0.028560
32 0.500000 0.102113 1.000000 0.058685
37 0.500000 0.873239 1.000000 0.051643
12 0.501272 0.873239 0.107718 0.020344
17 0.500000 0.180947 1.000000 0.098983
12 0.647159 0.263693 0.329092 0.028560
30 0.165394 0.538928 0.330789 0.616980
12 0.651824 0.413928 0.338422 0.028560
14 0.665818 0.425274 0.668363 0.065728
14 0.665818 0.275039 0.668363 0.065728
