12 0.646904 0.345266 0.692112 0.089593
14 0.150000 0.478286 0.300000 0.113067
12 0.125530 0.056534 0.251060 0.113067
30 0.150000 0.500000 0.300000 1.000000
12 0.158185 0.380477 0.061917 0.059077
12 0.162002 0.169601 0.069550 0.089593
12 0.158609 0.282668 0.062765 0.089593
14 0.150000 0.576095 0.300000 0.082551
12 0.160305 0.478286 0.066158 0.089593
11 0.650424 0.145540 0.699152 0.187793
12 0.161578 0.658646 0.068702 0.059077
14 0.150000 0.282668 0.300000 0.113067
12 0.428499 0.269953 0.255301 0.032864
14 0.150000 0.169601 0.300000 0.113067
12 0.164546 0.576095 0.074640 0.059077
14 0.150000 0.380477 0.300000 0.082551
14 0.150000 0.658646 0.300000 0.082551
