17 0.500000 0.231134 1.000000 0.126437
14 0.673778 0.351324 0.652444 0.083958
12 0.501333 0.838081 0.112000 0.025987
12 0.656000 0.528736 0.300444 0.036482
25 0.500000 0.261369 1.000000 0.065967
34 0.500000 0.910045 1.000000 0.077961
12 0.653333 0.336832 0.295111 0.036482
14 0.673778 0.447276 0.652444 0.083958
37 0.500000 0.838081 1.000000 0.065967
12 0.200444 0.192154 0.315556 0.048476
30 0.173333 0.549725 0.346667 0.510745
12 0.657778 0.432784 0.304000 0.036482
14 0.673778 0.543228 0.652444 0.083958
32 0.500000 0.130435 1.000000 0.074963
