14 0.201018 0.416862 0.239186 0.060642
12 0.165394 0.336463 0.167939 0.020344
26 0.125530 0.934077 0.169635 0.028560
12 0.145462 0.528169 0.128075 0.020344
12 0.224343 0.501369 0.285835 0.028560
12 0.201018 0.405516 0.239186 0.028560
26 0.632316 0.934077 0.217981 0.028560
26 0.366836 0.934077 0.180662 0.028560
14 0.198473 0.225156 0.234097 0.060642
14 0.224343 0.512715 0.285835 0.060642
17 0.500000 0.104460 1.000000 0.063380
12 0.198473 0.213811 0.234097 0.028560
37 0.500000 0.934077 1.000000 0.052034
14 0.168787 0.321009 0.174724 0.060642
12 0.153944 0.240610 0.145038 0.020344
12 0.168787 0.309664 0.174724 0.028560
12 0.194656 0.432316 0.226463 0.020344
26 0.883376 0.934077 0.151824 0.028560
