14 0.236444 0.492504 0.302222 0.077461
14 0.219111 0.370065 0.267556 0.077461
12 0.212889 0.845327 0.255111 0.036482
12 0.237778 0.722889 0.304889 0.036482
14 0.237778 0.737381 0.304889 0.077461
12 0.220889 0.600450 0.271111 0.036482
12 0.219111 0.389805 0.267556 0.025987
14 0.212889 0.859820 0.255111 0.077461
12 0.174667 0.757121 0.178667 0.025987
12 0.236444 0.478011 0.302222 0.036482
12 0.216889 0.634683 0.263111 0.025987
28 0.500000 0.215142 0.914667 0.046477
14 0.220889 0.614943 0.271111 0.077461
14 0.261778 0.971764 0.352889 0.056472
12 0.151556 0.512244 0.132444 0.025987
12 0.161778 0.879560 0.152889 0.025987
12 0.208000 0.355572 0.245333 0.036482
17 0.500000 0.133433 1.000000 0.080960
12 0.241778 0.994503 0.312889 0.010995
12 0.261778 0.967766 0.352889 0.036482
