14 0.500000 0.436228 0.837150 0.032864
12 0.204411 0.504304 0.245971 0.028560
14 0.229008 0.784820 0.295165 0.028560
36 0.840967 0.436228 0.155216 0.032864
14 0.500000 0.368153 0.837150 0.032864
14 0.500000 0.504304 0.837150 0.032864
12 0.223494 0.300078 0.284139 0.028560
17 0.500000 0.135368 1.000000 0.125196
14 0.229856 0.916275 0.296862 0.028560
14 0.500000 0.300078 0.837150 0.032864
12 0.189992 0.368153 0.217133 0.028560
36 0.840967 0.232003 0.155216 0.032864
14 0.214165 0.850548 0.265479 0.028560
36 0.840967 0.300078 0.155216 0.032864
12 0.198473 0.232003 0.234097 0.028560
14 0.251484 0.719092 0.340119 0.028560
34 0.500000 0.943662 1.000000 0.112676
14 0.500000 0.232003 0.837150 0.032864
36 0.840967 0.368153 0.155216 0.032864
14 0.229008 0.982003 0.295165 0.028560
10 0.500000 0.875000 0.340967 0.005869
36 0.840967 0.504304 0.155216 0.032864
12 0.212892 0.612285 0.262935 0.028560
12 0.218405 0.436228 0.273961 0.028560
8 0.500000 0.612285 0.837150 0.028560
