12 0.183556 0.640430 0.196444 0.036482
14 0.237778 0.532484 0.304889 0.077461
26 0.855556 0.915792 0.203556 0.036482
12 0.123556 0.307346 0.076444 0.025987
17 0.500000 0.133433 1.000000 0.080960
12 0.216889 0.429785 0.263111 0.025987
14 0.183556 0.654923 0.196444 0.077461
26 0.477778 0.915792 0.189333 0.036482
12 0.141778 0.674663 0.112889 0.025987
14 0.224444 0.410045 0.278222 0.077461
14 0.208000 0.287606 0.245333 0.077461
12 0.237778 0.517991 0.304889 0.036482
12 0.224444 0.395552 0.278222 0.036482
37 0.500000 0.915792 1.000000 0.066467
26 0.122222 0.915792 0.159111 0.036482
12 0.208000 0.273113 0.245333 0.036482
12 0.137778 0.552224 0.104889 0.025987
