37 0.500000 0.915792 1.000000 0.066467
26 0.862667 0.915792 0.189333 0.036482
12 0.245778 0.994753 0.320889 0.010495
26 0.363407 0.915792 0.244444 0.036482
14 0.240000 0.654923 0.309333 0.077461
12 0.231111 0.674663 0.291556 0.025987
14 0.254667 0.532484 0.338667 0.077461
26 0.626815 0.915792 0.203556 0.036482
12 0.176444 0.552224 0.182222 0.025987
12 0.254667 0.517991 0.338667 0.036482
17 0.500000 0.133433 1.000000 0.080960
12 0.237778 0.885307 0.304889 0.036482
12 0.161778 0.395552 0.152889 0.036482
14 0.245778 0.991754 0.320889 0.016492
12 0.228889 0.919540 0.287111 0.025987
12 0.214667 0.797101 0.258667 0.025987
12 0.160444 0.762869 0.150222 0.036482
14 0.214667 0.777361 0.258667 0.077461
14 0.231111 0.287606 0.291556 0.077461
12 0.240000 0.640430 0.309333 0.036482
12 0.137778 0.429785 0.104889 0.025987
14 0.161778 0.410045 0.152889 0.077461
12 0.208000 0.273113 0.245333 0.036482
26 0.122222 0.915792 0.159111 0.036482
14 0.237778 0.899800 0.304889 0.077461
12 0.231111 0.307346 0.291556 0.025987
