14 0.150000 0.236132 0.300000 0.183408
12 0.456444 0.344828 0.311111 0.041979
14 0.150000 0.649925 0.300000 0.144428
12 0.131556 0.072214 0.263111 0.144428
12 0.160000 0.236132 0.053333 0.153423
12 0.160444 0.400050 0.054222 0.114443
11 0.650444 0.185907 0.699111 0.239880
14 0.150000 0.400050 0.300000 0.144428
30 0.150000 0.500000 0.300000 1.000000
14 0.150000 0.774863 0.300000 0.105447
12 0.640444 0.441029 0.679111 0.114443
12 0.164444 0.649925 0.062222 0.114443
14 0.150000 0.524988 0.300000 0.105447
12 0.160000 0.774863 0.053333 0.075462
12 0.165778 0.524988 0.064889 0.075462
