12 0.208000 0.296352 0.245333 0.036482
8 0.500000 0.608196 0.829333 0.036482
14 0.500000 0.383308 0.829333 0.041979
14 0.500000 0.470265 0.829333 0.041979
36 0.833333 0.470265 0.162667 0.041979
17 0.500000 0.172914 1.000000 0.159920
14 0.204889 0.912544 0.239111 0.036482
12 0.223111 0.608196 0.275556 0.036482
12 0.240444 0.470265 0.310222 0.036482
14 0.198222 0.828586 0.225778 0.036482
10 0.500000 0.840330 0.357333 0.007496
36 0.833333 0.383308 0.162667 0.041979
36 0.833333 0.296352 0.162667 0.041979
14 0.500000 0.296352 0.829333 0.041979
14 0.254667 0.989130 0.338667 0.021739
34 0.500000 0.928036 1.000000 0.143928
14 0.234667 0.744628 0.298667 0.036482
12 0.258667 0.383308 0.346667 0.036482
