17 0.500000 0.130477 1.000000 0.115415
14 0.500000 0.720070 0.918575 0.153756
8 0.500000 0.844484 0.918575 0.057512
12 0.242578 0.301448 0.186599 0.024648
14 0.500000 0.370305 0.918575 0.195227
31 0.500000 0.435055 0.847328 0.032864
12 0.209924 0.743545 0.267176 0.028560
5 0.888041 0.519562 0.071247 0.032864
28 0.500000 0.230438 0.918575 0.046948
12 0.317218 0.677817 0.481764 0.028560
33 0.811281 0.754890 0.224767 0.037559
36 0.858779 0.677817 0.129771 0.036385
12 0.198897 0.155125 0.316370 0.037950
31 0.500000 0.337246 0.847328 0.032864
12 0.386344 0.844484 0.530110 0.024648
16 0.779050 0.588615 0.289228 0.038732
14 0.500000 0.555556 0.918575 0.137715
12 0.274385 0.519562 0.396098 0.028560
12 0.213316 0.588615 0.273961 0.028560
12 0.297710 0.399257 0.261238 0.024648
