12 0.239111 0.967766 0.307556 0.036482
14 0.219556 0.859820 0.268444 0.077461
12 0.181333 0.512244 0.192000 0.025987
12 0.247556 0.722889 0.324444 0.036482
14 0.268889 0.614943 0.367111 0.077461
12 0.118667 0.389805 0.066667 0.025987
14 0.228889 0.492504 0.287111 0.077461
28 0.500000 0.215142 0.914667 0.046477
12 0.219556 0.845327 0.268444 0.036482
12 0.268889 0.600450 0.367111 0.036482
12 0.228889 0.478011 0.287111 0.036482
12 0.151556 0.994503 0.132444 0.010995
14 0.239111 0.971764 0.307556 0.056472
12 0.181333 0.879560 0.192000 0.025987
12 0.208000 0.355572 0.245333 0.036482
14 0.208000 0.370065 0.245333 0.077461
12 0.173333 0.634683 0.176000 0.025987
12 0.204000 0.757121 0.237333 0.025987
17 0.500000 0.133433 1.000000 0.080960
14 0.247556 0.737381 0.324444 0.077461
