14 0.491094 0.324922 0.982188 0.061424
32 0.500000 0.023474 1.000000 0.046948
14 0.491094 0.077660 0.982188 0.061424
38 0.768024 0.161581 0.219678 0.041471
14 0.491094 0.510368 0.982188 0.061424
14 0.491094 0.263106 0.982188 0.061424
14 0.491094 0.572183 0.982188 0.061424
39 0.171756 0.944836 0.262087 0.044601
14 0.491094 0.386737 0.982188 0.061424
24 0.991094 0.082160 0.017812 0.070423
14 0.491094 0.201291 0.982188 0.061424
14 0.491094 0.448552 0.982188 0.061424
14 0.491094 0.139476 0.982188 0.061424
12 0.112383 0.026995 0.102629 0.021127
