11 0.650424 0.145540 0.699152 0.187793
12 0.406022 0.269953 0.210348 0.032864
30 0.150000 0.500000 0.300000 1.000000
14 0.150000 0.689163 0.300000 0.082551
14 0.150000 0.282668 0.300000 0.113067
14 0.150000 0.786972 0.300000 0.113067
12 0.159457 0.786972 0.064461 0.089593
12 0.164546 0.689163 0.074640 0.059077
14 0.150000 0.591354 0.300000 0.113067
12 0.125530 0.056534 0.251060 0.113067
12 0.158609 0.169601 0.062765 0.089593
12 0.160305 0.282668 0.066158 0.089593
12 0.624852 0.345266 0.648007 0.089593
12 0.164122 0.591354 0.073791 0.089593
12 0.161578 0.493545 0.068702 0.059077
14 0.150000 0.395736 0.300000 0.113067
14 0.150000 0.493545 0.300000 0.082551
14 0.150000 0.169601 0.300000 0.113067
12 0.164122 0.395736 0.073791 0.089593
