17 0.500000 0.135172 1.000000 0.124804
36 0.840967 0.299687 0.155216 0.032864
8 0.273537 0.809077 0.282443 0.028560
14 0.500000 0.231612 0.837150 0.032864
14 0.500000 0.503912 0.837150 0.032864
36 0.840967 0.367762 0.155216 0.032864
14 0.296014 0.743349 0.327396 0.028560
14 0.209500 0.981612 0.256149 0.028560
14 0.256149 0.677621 0.247668 0.028560
12 0.168787 0.367762 0.174724 0.028560
10 0.500000 0.875000 0.340967 0.005869
36 0.840967 0.503912 0.155216 0.032864
14 0.500000 0.299687 0.837150 0.032864
36 0.840967 0.435837 0.155216 0.032864
34 0.500000 0.943662 1.000000 0.112676
12 0.251484 0.503912 0.340119 0.028560
12 0.212892 0.611894 0.262935 0.028560
12 0.198473 0.231612 0.234097 0.028560
14 0.273537 0.809077 0.282443 0.028560
14 0.500000 0.435837 0.837150 0.032864
14 0.500000 0.367762 0.837150 0.032864
12 0.253181 0.299687 0.343511 0.028560
36 0.840967 0.231612 0.155216 0.032864
12 0.249788 0.435837 0.336726 0.028560
14 0.154368 0.915884 0.145886 0.028560
