14 0.150000 0.282668 0.300000 0.113067
30 0.150000 0.500000 0.300000 1.000000
12 0.162002 0.282668 0.069550 0.089593
12 0.161578 0.658646 0.068702 0.059077
14 0.150000 0.576095 0.300000 0.082551
12 0.159457 0.169601 0.064461 0.089593
12 0.440373 0.269953 0.279050 0.032864
14 0.150000 0.658646 0.300000 0.082551
12 0.164546 0.576095 0.074640 0.059077
12 0.158185 0.380477 0.061917 0.059077
14 0.150000 0.169601 0.300000 0.113067
11 0.650424 0.145540 0.699152 0.187793
14 0.150000 0.478286 0.300000 0.113067
12 0.125530 0.056534 0.251060 0.113067
14 0.150000 0.380477 0.300000 0.082551
12 0.158609 0.478286 0.062765 0.089593
12 0.639695 0.330008 0.677693 0.059077
