37 0.500000 0.934077 1.000000 0.052034
12 0.168787 0.597222 0.174724 0.028560
14 0.189992 0.321009 0.217133 0.060642
14 0.174724 0.416862 0.186599 0.060642
14 0.218405 0.512715 0.273961 0.060642
12 0.200170 0.624022 0.237489 0.020344
12 0.174724 0.405516 0.186599 0.028560
14 0.200170 0.608568 0.237489 0.060642
12 0.218405 0.528169 0.273961 0.020344
12 0.198473 0.213811 0.234097 0.028560
26 0.862171 0.934077 0.194232 0.028560
26 0.380973 0.934077 0.217981 0.028560
12 0.175148 0.501369 0.187447 0.028560
26 0.125530 0.934077 0.169635 0.028560
14 0.198473 0.225156 0.234097 0.060642
12 0.153944 0.240610 0.145038 0.020344
12 0.166243 0.336463 0.169635 0.020344
12 0.189992 0.309664 0.217133 0.028560
17 0.500000 0.104460 1.000000 0.063380
12 0.145462 0.432316 0.128075 0.020344
26 0.627509 0.934077 0.151824 0.028560
