12 0.143111 0.600450 0.115556 0.036482
12 0.209333 0.478011 0.248000 0.036482
12 0.196889 0.967766 0.223111 0.036482
17 0.500000 0.133433 1.000000 0.080960
14 0.248000 0.737381 0.325333 0.077461
12 0.174222 0.994503 0.177778 0.010995
12 0.208000 0.355572 0.245333 0.036482
28 0.500000 0.215142 0.914667 0.046477
14 0.209333 0.492504 0.248000 0.077461
12 0.231111 0.389805 0.291556 0.025987
12 0.152444 0.634683 0.134222 0.025987
14 0.196889 0.971764 0.223111 0.056472
14 0.231111 0.370065 0.291556 0.077461
12 0.265333 0.845327 0.360000 0.036482
12 0.248000 0.722889 0.325333 0.036482
14 0.152444 0.614943 0.134222 0.077461
14 0.265333 0.859820 0.360000 0.077461
12 0.183111 0.512244 0.195556 0.025987
12 0.188444 0.757121 0.206222 0.025987
12 0.184444 0.879560 0.198222 0.025987
