12 0.131467 0.484351 0.130619 0.042645
4 0.500000 0.282228 0.285835 0.130966
12 0.811281 0.328149 0.224767 0.020344
12 0.153944 0.328149 0.175573 0.020344
4 0.183630 0.282228 0.285835 0.130966
11 0.816370 0.268535 0.245123 0.084800
11 0.183630 0.413586 0.245123 0.084800
12 0.475827 0.328149 0.186599 0.020344
17 0.500000 0.135368 1.000000 0.125196
4 0.816370 0.282228 0.285835 0.130966
11 0.500000 0.268535 0.245123 0.084800
11 0.183630 0.268535 0.245123 0.084800
18 0.500000 0.540689 1.000000 0.011737
4 0.183630 0.438429 0.285835 0.153267
