14 0.500000 0.383308 0.829333 0.041979
12 0.223111 0.521239 0.275556 0.036482
14 0.213778 0.605197 0.150222 0.036482
12 0.208000 0.296352 0.245333 0.036482
14 0.315111 0.773113 0.352889 0.036482
36 0.833333 0.383308 0.162667 0.041979
14 0.240889 0.909545 0.311111 0.036482
17 0.500000 0.172914 1.000000 0.159920
14 0.258222 0.689155 0.239111 0.036482
36 0.833333 0.296352 0.162667 0.041979
12 0.217778 0.383308 0.264889 0.036482
10 0.500000 0.840330 0.357333 0.007496
34 0.500000 0.928036 1.000000 0.143928
14 0.500000 0.296352 0.829333 0.041979
14 0.183111 0.987631 0.195556 0.024738
8 0.315111 0.773113 0.352889 0.036482
