36 0.840967 0.368153 0.155216 0.032864
8 0.500000 0.476135 0.837150 0.028560
34 0.500000 0.943662 1.000000 0.112676
36 0.840967 0.232003 0.155216 0.032864
12 0.212892 0.476135 0.262935 0.028560
14 0.205259 0.582942 0.247668 0.028560
12 0.198473 0.232003 0.234097 0.028560
14 0.257422 0.845853 0.351993 0.028560
36 0.840967 0.300078 0.155216 0.032864
12 0.218405 0.300078 0.273961 0.028560
14 0.188295 0.714397 0.213740 0.028560
14 0.500000 0.368153 0.837150 0.032864
14 0.200594 0.780125 0.238338 0.028560
14 0.500000 0.300078 0.837150 0.032864
17 0.500000 0.135368 1.000000 0.125196
14 0.500000 0.232003 0.837150 0.032864
14 0.289228 0.911581 0.415606 0.028560
12 0.204411 0.368153 0.245971 0.028560
10 0.500000 0.875000 0.340967 0.005869
14 0.223494 0.977308 0.284139 0.028560
14 0.214165 0.648670 0.265479 0.028560
