11 0.183630 0.424736 0.245123 0.084800
4 0.816370 0.282228 0.285835 0.130966
11 0.816370 0.413586 0.245123 0.084800
4 0.816370 0.594630 0.285835 0.130966
12 0.467769 0.484351 0.170483 0.042645
12 0.782867 0.484351 0.167939 0.042645
12 0.799406 0.328149 0.201018 0.020344
12 0.500000 0.640552 0.234945 0.020344
12 0.182782 0.640552 0.233249 0.020344
11 0.816370 0.268535 0.245123 0.084800
4 0.816370 0.438429 0.285835 0.153267
11 0.816370 0.580937 0.245123 0.084800
11 0.183630 0.268535 0.245123 0.084800
12 0.806192 0.640552 0.214589 0.020344
4 0.500000 0.438429 0.285835 0.153267
11 0.500000 0.268535 0.245123 0.084800
11 0.500000 0.413586 0.245123 0.084800
17 0.500000 0.135368 1.000000 0.125196
12 0.153944 0.328149 0.175573 0.020344
4 0.500000 0.282228 0.285835 0.130966
4 0.183630 0.438429 0.285835 0.130966
11 0.500000 0.580937 0.245123 0.084800
4 0.183630 0.282228 0.285835 0.130966
4 0.500000 0.594630 0.285835 0.130966
4 0.183630 0.594630 0.285835 0.130966
11 0.183630 0.580937 0.245123 0.084800
12 0.120865 0.484351 0.109415 0.020344
12 0.482612 0.328149 0.200170 0.020344
18 0.500000 0.685055 1.000000 0.011737
