14 0.223070 0.712050 0.283291 0.028560
14 0.249788 0.514867 0.336726 0.028560
14 0.131043 0.580595 0.099237 0.028560
14 0.225615 0.777778 0.288380 0.028560
36 0.840967 0.232003 0.155216 0.032864
12 0.198473 0.232003 0.234097 0.028560
14 0.173452 0.646322 0.184054 0.028560
14 0.500000 0.232003 0.837150 0.032864
12 0.207803 0.300078 0.252757 0.028560
8 0.500000 0.408059 0.837150 0.028560
10 0.500000 0.875000 0.340967 0.005869
12 0.212892 0.408059 0.262935 0.028560
36 0.840967 0.300078 0.155216 0.032864
17 0.500000 0.135368 1.000000 0.125196
14 0.500000 0.300078 0.837150 0.032864
34 0.500000 0.943662 1.000000 0.112676
