17 0.500000 0.172914 1.000000 0.159920
8 0.500000 0.782109 0.829333 0.036482
36 0.833333 0.644178 0.162667 0.041979
14 0.500000 0.557221 0.829333 0.041979
12 0.269778 0.383308 0.368889 0.036482
14 0.500000 0.470265 0.829333 0.041979
14 0.500000 0.296352 0.829333 0.041979
14 0.199111 0.918541 0.227556 0.036482
10 0.500000 0.840330 0.357333 0.007496
12 0.208000 0.296352 0.245333 0.036482
12 0.260444 0.470265 0.350222 0.036482
12 0.190222 0.557221 0.209778 0.036482
36 0.833333 0.383308 0.162667 0.041979
14 0.500000 0.644178 0.829333 0.041979
36 0.833333 0.470265 0.162667 0.041979
34 0.500000 0.928036 1.000000 0.143928
14 0.210667 0.992129 0.250667 0.015742
12 0.248000 0.644178 0.325333 0.036482
12 0.223111 0.782109 0.275556 0.036482
36 0.833333 0.296352 0.162667 0.041979
14 0.500000 0.383308 0.829333 0.041979
36 0.833333 0.557221 0.162667 0.041979
