12 0.801527 0.582942 0.234097 0.028560
14 0.500000 0.406886 0.837150 0.032864
35 0.500000 0.230829 0.837150 0.029343
12 0.769296 0.780125 0.298558 0.028560
12 0.794741 0.648670 0.247668 0.028560
14 0.794741 0.648670 0.247668 0.028560
36 0.159033 0.406886 0.155216 0.032864
36 0.159033 0.338811 0.155216 0.032864
12 0.831213 0.474961 0.174724 0.028560
14 0.500000 0.474961 0.837150 0.032864
14 0.769296 0.780125 0.298558 0.028560
21 0.500000 0.893192 0.898219 0.058685
17 0.500000 0.135368 1.000000 0.125196
36 0.159033 0.474961 0.155216 0.032864
14 0.500000 0.338811 0.837150 0.032864
12 0.794741 0.714397 0.247668 0.028560
14 0.794741 0.714397 0.247668 0.028560
12 0.764207 0.338811 0.308736 0.028560
14 0.801527 0.582942 0.234097 0.028560
12 0.746819 0.406886 0.343511 0.028560
