18 0.500000 0.705647 1.000000 0.014993
12 0.161333 0.633683 0.184000 0.054473
11 0.815556 0.339643 0.240889 0.101574
17 0.500000 0.172914 1.000000 0.159920
4 0.184444 0.371377 0.283556 0.160545
12 0.796444 0.426662 0.192000 0.054473
11 0.500000 0.353886 0.240889 0.101574
4 0.500000 0.371377 0.283556 0.160545
11 0.184444 0.353886 0.240889 0.101574
12 0.473333 0.426662 0.176889 0.025987
11 0.184444 0.546664 0.240889 0.101574
4 0.184444 0.578398 0.283556 0.189030
4 0.815556 0.371377 0.283556 0.189030
12 0.161333 0.426662 0.184000 0.025987
