14 0.500000 0.296352 0.829333 0.041979
10 0.500000 0.840330 0.357333 0.007496
34 0.500000 0.928036 1.000000 0.143928
12 0.223111 0.521239 0.275556 0.036482
36 0.833333 0.383308 0.162667 0.041979
14 0.259556 0.987631 0.348444 0.024738
36 0.833333 0.296352 0.162667 0.041979
8 0.500000 0.521239 0.829333 0.036482
14 0.204889 0.657671 0.239111 0.036482
14 0.500000 0.383308 0.829333 0.041979
14 0.303111 0.909545 0.435556 0.036482
12 0.175556 0.383308 0.180444 0.036482
17 0.500000 0.172914 1.000000 0.159920
14 0.209778 0.825587 0.248889 0.036482
14 0.240000 0.741629 0.309333 0.036482
12 0.208000 0.296352 0.245333 0.036482
