36 0.833333 0.470265 0.162667 0.041979
14 0.270222 0.828586 0.369778 0.036482
14 0.500000 0.470265 0.829333 0.041979
14 0.237778 0.989130 0.304889 0.021739
14 0.500000 0.296352 0.829333 0.041979
14 0.224444 0.912544 0.278222 0.036482
12 0.245778 0.470265 0.320889 0.036482
12 0.208000 0.296352 0.245333 0.036482
17 0.500000 0.172914 1.000000 0.159920
12 0.223111 0.608196 0.275556 0.036482
12 0.214667 0.383308 0.258667 0.036482
36 0.833333 0.296352 0.162667 0.041979
8 0.500000 0.608196 0.829333 0.036482
14 0.190222 0.744628 0.209778 0.036482
14 0.500000 0.383308 0.829333 0.041979
10 0.500000 0.840330 0.357333 0.007496
36 0.833333 0.383308 0.162667 0.041979
34 0.500000 0.928036 1.000000 0.143928
