11 0.183630 0.435886 0.245123 0.084800
4 0.816370 0.293378 0.285835 0.130966
11 0.816370 0.435886 0.245123 0.084800
4 0.816370 0.594630 0.285835 0.130966
12 0.475827 0.495501 0.186599 0.020344
12 0.796438 0.495501 0.195081 0.020344
12 0.811281 0.339300 0.224767 0.020344
12 0.481340 0.640552 0.197625 0.020344
12 0.147583 0.640552 0.162850 0.020344
11 0.816370 0.279685 0.245123 0.084800
11 0.816370 0.580937 0.245123 0.084800
4 0.816370 0.449579 0.285835 0.130966
11 0.183630 0.279685 0.245123 0.084800
12 0.753181 0.640552 0.108567 0.020344
4 0.500000 0.449579 0.285835 0.130966
11 0.500000 0.268535 0.245123 0.084800
11 0.500000 0.435886 0.245123 0.084800
17 0.500000 0.135368 1.000000 0.125196
4 0.183630 0.449579 0.285835 0.130966
12 0.153944 0.339300 0.175573 0.020344
4 0.500000 0.293378 0.285835 0.153267
11 0.500000 0.580937 0.245123 0.084800
4 0.183630 0.293378 0.285835 0.130966
4 0.500000 0.594630 0.285835 0.130966
4 0.183630 0.594630 0.285835 0.130966
11 0.183630 0.580937 0.245123 0.084800
12 0.132316 0.495501 0.132316 0.020344
12 0.455047 0.339300 0.145038 0.042645
18 0.500000 0.685055 1.000000 0.011737
