4 0.500000 0.460730 0.285835 0.153267
4 0.183630 0.616931 0.285835 0.130966
11 0.816370 0.447036 0.245123 0.084800
11 0.183630 0.447036 0.245123 0.084800
12 0.173028 0.506651 0.213740 0.020344
11 0.183630 0.279685 0.245123 0.084800
4 0.816370 0.293378 0.285835 0.153267
12 0.153944 0.339300 0.175573 0.020344
4 0.183630 0.293378 0.285835 0.130966
12 0.120441 0.662852 0.108567 0.020344
18 0.500000 0.707355 1.000000 0.011737
4 0.816370 0.460730 0.285835 0.130966
12 0.806616 0.506651 0.215437 0.020344
11 0.500000 0.435886 0.245123 0.084800
12 0.767176 0.339300 0.136556 0.042645
12 0.490670 0.506651 0.216285 0.042645
17 0.500000 0.135368 1.000000 0.125196
11 0.183630 0.603237 0.245123 0.084800
4 0.183630 0.460730 0.285835 0.130966
11 0.500000 0.268535 0.245123 0.084800
4 0.500000 0.293378 0.285835 0.153267
11 0.816370 0.268535 0.245123 0.084800
12 0.449958 0.339300 0.134860 0.042645
