14 0.213778 0.776112 0.150222 0.036482
14 0.267556 0.692154 0.257778 0.036482
34 0.500000 0.928036 1.000000 0.143928
14 0.500000 0.383308 0.829333 0.041979
8 0.323556 0.860070 0.369778 0.036482
12 0.209333 0.470265 0.248000 0.036482
14 0.323556 0.860070 0.369778 0.036482
12 0.176889 0.383308 0.183111 0.036482
36 0.833333 0.470265 0.162667 0.041979
10 0.500000 0.840330 0.357333 0.007496
36 0.833333 0.383308 0.162667 0.041979
14 0.500000 0.296352 0.829333 0.041979
14 0.500000 0.470265 0.829333 0.041979
12 0.208000 0.296352 0.245333 0.036482
36 0.833333 0.296352 0.162667 0.041979
12 0.223111 0.608196 0.275556 0.036482
14 0.212889 0.989130 0.255111 0.021739
17 0.500000 0.172914 1.000000 0.159920
