12 0.223111 0.782109 0.275556 0.036482
14 0.500000 0.383308 0.829333 0.041979
12 0.208000 0.296352 0.245333 0.036482
17 0.500000 0.172914 1.000000 0.159920
12 0.260444 0.557221 0.350222 0.036482
12 0.241333 0.383308 0.312000 0.036482
10 0.500000 0.840330 0.357333 0.007496
14 0.500000 0.557221 0.829333 0.041979
36 0.833333 0.296352 0.162667 0.041979
8 0.500000 0.782109 0.829333 0.036482
14 0.500000 0.644178 0.829333 0.041979
36 0.833333 0.557221 0.162667 0.041979
36 0.833333 0.644178 0.162667 0.041979
14 0.500000 0.296352 0.829333 0.041979
12 0.244000 0.470265 0.317333 0.036482
36 0.833333 0.470265 0.162667 0.041979
14 0.239111 0.992129 0.307556 0.015742
34 0.500000 0.928036 1.000000 0.143928
14 0.234222 0.918541 0.297778 0.036482
14 0.500000 0.470265 0.829333 0.041979
12 0.245778 0.644178 0.320889 0.036482
36 0.833333 0.383308 0.162667 0.041979
