37 0.500000 0.915792 1.000000 0.066467
26 0.139556 0.915792 0.193778 0.036482
26 0.855556 0.915792 0.203556 0.036482
14 0.181333 0.410045 0.192000 0.077461
14 0.182667 0.777361 0.194667 0.077461
12 0.229778 0.552224 0.288889 0.025987
17 0.500000 0.133433 1.000000 0.080960
12 0.143111 0.762869 0.115556 0.036482
12 0.151556 0.674663 0.132444 0.025987
12 0.137333 0.395552 0.104000 0.036482
12 0.182667 0.797101 0.194667 0.025987
14 0.208000 0.287606 0.245333 0.077461
12 0.181333 0.429785 0.192000 0.025987
12 0.204889 0.307346 0.239111 0.025987
12 0.224444 0.640430 0.278222 0.036482
12 0.208000 0.273113 0.245333 0.036482
14 0.224444 0.654923 0.278222 0.077461
12 0.254667 0.517991 0.338667 0.036482
14 0.254667 0.532484 0.338667 0.077461
