14 0.209778 0.654923 0.248889 0.077461
14 0.208000 0.287606 0.245333 0.077461
14 0.234222 0.410045 0.297778 0.077461
12 0.147556 0.797101 0.124444 0.025987
12 0.151556 0.674663 0.132444 0.025987
12 0.250222 0.552224 0.329778 0.025987
12 0.170222 0.429785 0.169778 0.025987
37 0.500000 0.915792 1.000000 0.066467
12 0.220889 0.762869 0.271111 0.036482
26 0.516000 0.915792 0.244444 0.036482
12 0.208000 0.273113 0.245333 0.036482
17 0.500000 0.133433 1.000000 0.080960
14 0.250222 0.532484 0.329778 0.077461
12 0.234222 0.395552 0.297778 0.036482
14 0.220889 0.777361 0.271111 0.077461
26 0.138222 0.915792 0.191111 0.036482
12 0.209778 0.640430 0.248889 0.036482
26 0.877778 0.915792 0.159111 0.036482
12 0.212889 0.517991 0.255111 0.036482
12 0.123556 0.307346 0.076444 0.025987
