35 0.500000 0.230829 0.837150 0.029343
14 0.763783 0.714397 0.309584 0.028560
12 0.868957 0.406886 0.099237 0.028560
12 0.763783 0.714397 0.309584 0.028560
36 0.159033 0.474961 0.155216 0.032864
17 0.500000 0.135368 1.000000 0.125196
12 0.801527 0.582942 0.234097 0.028560
12 0.824852 0.780125 0.187447 0.028560
12 0.754029 0.474961 0.329092 0.028560
36 0.159033 0.338811 0.155216 0.032864
12 0.804495 0.648670 0.228159 0.028560
12 0.781595 0.845853 0.273961 0.028560
12 0.805768 0.338811 0.225615 0.028560
14 0.801527 0.582942 0.234097 0.028560
14 0.804495 0.648670 0.228159 0.028560
14 0.824852 0.780125 0.187447 0.028560
36 0.159033 0.406886 0.155216 0.032864
14 0.500000 0.474961 0.837150 0.032864
14 0.500000 0.406886 0.837150 0.032864
21 0.500000 0.893192 0.898219 0.058685
14 0.781595 0.845853 0.273961 0.028560
14 0.500000 0.338811 0.837150 0.032864
