11 0.815556 0.339643 0.240889 0.101574
11 0.500000 0.725200 0.240889 0.101574
4 0.815556 0.357134 0.283556 0.160545
11 0.500000 0.339643 0.240889 0.101574
4 0.184444 0.357134 0.283556 0.160545
12 0.774222 0.605197 0.147556 0.025987
11 0.815556 0.739443 0.240889 0.101574
12 0.476000 0.412419 0.182222 0.025987
4 0.500000 0.756934 0.283556 0.189030
12 0.161333 0.412419 0.184000 0.025987
4 0.815556 0.549913 0.283556 0.160545
11 0.500000 0.518178 0.240889 0.101574
4 0.184444 0.756934 0.283556 0.189030
11 0.184444 0.339643 0.240889 0.101574
11 0.184444 0.725200 0.240889 0.101574
4 0.500000 0.357134 0.283556 0.160545
4 0.184444 0.549913 0.283556 0.189030
12 0.814222 0.812219 0.227556 0.025987
11 0.815556 0.532421 0.240889 0.101574
12 0.450667 0.812219 0.131556 0.054473
12 0.455556 0.605197 0.141333 0.054473
17 0.500000 0.172914 1.000000 0.159920
4 0.815556 0.756934 0.283556 0.160545
11 0.184444 0.518178 0.240889 0.101574
12 0.142667 0.812219 0.146667 0.054473
12 0.813333 0.412419 0.225778 0.025987
4 0.500000 0.549913 0.283556 0.189030
18 0.500000 0.884058 1.000000 0.014993
12 0.143556 0.605197 0.148444 0.054473
