11 0.816370 0.592087 0.245123 0.084800
11 0.500000 0.435886 0.245123 0.084800
4 0.816370 0.605781 0.285835 0.130966
12 0.816370 0.495501 0.234945 0.020344
4 0.500000 0.605781 0.285835 0.153267
12 0.136132 0.651702 0.139949 0.042645
4 0.183630 0.293378 0.285835 0.130966
12 0.753181 0.339300 0.108567 0.020344
4 0.183630 0.449579 0.285835 0.130966
4 0.816370 0.293378 0.285835 0.130966
11 0.183630 0.580937 0.245123 0.084800
11 0.816370 0.435886 0.245123 0.084800
11 0.500000 0.268535 0.245123 0.084800
11 0.183630 0.279685 0.245123 0.084800
4 0.500000 0.449579 0.285835 0.130966
12 0.104326 0.495501 0.076336 0.020344
17 0.500000 0.135368 1.000000 0.125196
12 0.153944 0.339300 0.175573 0.020344
12 0.455047 0.339300 0.145038 0.042645
11 0.500000 0.580937 0.245123 0.084800
11 0.183630 0.435886 0.245123 0.084800
11 0.816370 0.279685 0.245123 0.084800
4 0.816370 0.449579 0.285835 0.130966
18 0.500000 0.707355 1.000000 0.011737
4 0.183630 0.605781 0.285835 0.153267
12 0.445717 0.651702 0.126378 0.042645
12 0.472858 0.495501 0.180662 0.020344
4 0.500000 0.293378 0.285835 0.153267
12 0.797710 0.651702 0.197625 0.020344
