12 0.134436 0.496870 0.106022 0.020344
14 0.217557 0.577269 0.272265 0.060642
12 0.195505 0.661776 0.228159 0.028560
14 0.209500 0.481416 0.256149 0.060642
12 0.113656 0.592723 0.064461 0.020344
12 0.181086 0.401017 0.199321 0.020344
14 0.195505 0.673122 0.228159 0.060642
12 0.198473 0.278365 0.234097 0.028560
14 0.198473 0.289710 0.234097 0.060642
12 0.209500 0.470070 0.256149 0.028560
28 0.500000 0.168427 0.918575 0.036385
12 0.168787 0.374218 0.174724 0.028560
12 0.131467 0.305164 0.100085 0.020344
12 0.217557 0.565923 0.272265 0.028560
14 0.181086 0.385563 0.199321 0.060642
12 0.162426 0.688576 0.162002 0.020344
17 0.500000 0.104460 1.000000 0.063380
