14 0.150000 0.302599 0.300000 0.105447
12 0.640444 0.441029 0.679111 0.114443
12 0.164444 0.197151 0.062222 0.075462
30 0.150000 0.500000 0.300000 1.000000
14 0.150000 0.888306 0.300000 0.144428
12 0.164444 0.657921 0.062222 0.075462
12 0.164000 0.888306 0.061333 0.114443
14 0.150000 0.657921 0.300000 0.105447
12 0.481333 0.344828 0.360889 0.041979
12 0.160000 0.763368 0.053333 0.075462
12 0.165778 0.302599 0.064889 0.075462
12 0.131556 0.072214 0.263111 0.144428
14 0.150000 0.532984 0.300000 0.144428
14 0.150000 0.763368 0.300000 0.105447
11 0.650444 0.185907 0.699111 0.239880
12 0.163111 0.408046 0.059556 0.075462
14 0.150000 0.197151 0.300000 0.105447
12 0.164000 0.532984 0.061333 0.114443
14 0.150000 0.408046 0.300000 0.105447
