12 0.801527 0.514867 0.234097 0.028560
21 0.500000 0.893192 0.898219 0.058685
36 0.159033 0.338811 0.155216 0.032864
12 0.771841 0.909233 0.293469 0.028560
12 0.801527 0.646322 0.234097 0.028560
12 0.778202 0.338811 0.280746 0.028560
14 0.804495 0.580595 0.228159 0.028560
36 0.159033 0.406886 0.155216 0.032864
35 0.500000 0.230829 0.837150 0.029343
12 0.795589 0.843505 0.245971 0.028560
12 0.763783 0.406886 0.309584 0.028560
14 0.771841 0.909233 0.293469 0.028560
14 0.801527 0.646322 0.234097 0.028560
12 0.743427 0.712050 0.350297 0.028560
14 0.500000 0.406886 0.837150 0.032864
14 0.795589 0.843505 0.245971 0.028560
14 0.845632 0.974961 0.145886 0.028560
12 0.804495 0.580595 0.228159 0.028560
12 0.767176 0.777778 0.302799 0.028560
14 0.500000 0.338811 0.837150 0.032864
17 0.500000 0.135368 1.000000 0.125196
14 0.743427 0.712050 0.350297 0.028560
14 0.801527 0.514867 0.234097 0.028560
12 0.845632 0.974961 0.145886 0.028560
14 0.767176 0.777778 0.302799 0.028560
