17 0.500000 0.135368 1.000000 0.125196
11 0.737277 0.495672 0.403308 0.139525
4 0.262723 0.309590 0.444020 0.185691
11 0.262723 0.895222 0.403308 0.139525
12 0.670483 0.582649 0.259542 0.020344
4 0.262723 0.908035 0.444020 0.183930
4 0.737277 0.908035 0.444020 0.183930
12 0.595420 0.382874 0.109415 0.020344
12 0.162426 0.982199 0.192536 0.020344
12 0.647583 0.982199 0.213740 0.020344
4 0.262723 0.709140 0.444020 0.185691
11 0.262723 0.295897 0.403308 0.139525
12 0.650551 0.782424 0.219678 0.020344
11 0.737277 0.895222 0.403308 0.139525
12 0.153944 0.382874 0.175573 0.020344
4 0.737277 0.509365 0.444020 0.185691
11 0.262723 0.695447 0.403308 0.139525
11 0.737277 0.295897 0.403308 0.139525
11 0.262723 0.495672 0.403308 0.139525
12 0.192536 0.782424 0.252757 0.020344
4 0.262723 0.509365 0.444020 0.185691
12 0.174724 0.582649 0.217133 0.020344
11 0.737277 0.695447 0.403308 0.139525
4 0.737277 0.709140 0.444020 0.185691
4 0.737277 0.309590 0.444020 0.185691
