4 0.183630 0.594630 0.285835 0.130966
11 0.500000 0.424736 0.245123 0.084800
11 0.500000 0.268535 0.245123 0.084800
11 0.183630 0.268535 0.245123 0.084800
4 0.183630 0.282228 0.285835 0.130966
11 0.183630 0.580937 0.245123 0.084800
11 0.183630 0.413586 0.245123 0.084800
12 0.138677 0.484351 0.145038 0.042645
4 0.500000 0.282228 0.285835 0.130966
11 0.816370 0.424736 0.245123 0.084800
4 0.816370 0.438429 0.285835 0.130966
12 0.452926 0.484351 0.140797 0.020344
12 0.153944 0.328149 0.175573 0.020344
12 0.166667 0.640552 0.201018 0.020344
12 0.482612 0.328149 0.200170 0.020344
17 0.500000 0.135368 1.000000 0.125196
4 0.183630 0.438429 0.285835 0.153267
4 0.500000 0.438429 0.285835 0.130966
12 0.753181 0.328149 0.108567 0.020344
18 0.500000 0.685055 1.000000 0.011737
12 0.782019 0.484351 0.166243 0.020344
4 0.816370 0.282228 0.285835 0.130966
11 0.816370 0.268535 0.245123 0.084800
