12 0.208000 0.296352 0.245333 0.036482
36 0.833333 0.470265 0.162667 0.041979
36 0.833333 0.557221 0.162667 0.041979
14 0.233333 0.990630 0.296000 0.018741
14 0.500000 0.557221 0.829333 0.041979
14 0.219556 0.831584 0.268444 0.036482
36 0.833333 0.383308 0.162667 0.041979
36 0.833333 0.296352 0.162667 0.041979
14 0.500000 0.296352 0.829333 0.041979
14 0.500000 0.470265 0.829333 0.041979
8 0.500000 0.695152 0.829333 0.036482
12 0.240444 0.383308 0.310222 0.036482
14 0.143111 0.915542 0.115556 0.036482
12 0.257778 0.557221 0.344889 0.036482
14 0.500000 0.383308 0.829333 0.041979
12 0.223111 0.695152 0.275556 0.036482
12 0.223556 0.470265 0.276444 0.036482
10 0.500000 0.840330 0.357333 0.007496
34 0.500000 0.928036 1.000000 0.143928
17 0.500000 0.172914 1.000000 0.159920
