12 0.811281 0.473200 0.224767 0.020344
11 0.183630 0.413586 0.245123 0.084800
11 0.183630 0.558637 0.245123 0.084800
11 0.500000 0.413586 0.245123 0.084800
11 0.183630 0.268535 0.245123 0.084800
11 0.816370 0.268535 0.245123 0.084800
4 0.500000 0.427279 0.285835 0.130966
12 0.159457 0.473200 0.186599 0.020344
18 0.500000 0.662754 1.000000 0.011737
12 0.164970 0.618251 0.197625 0.020344
4 0.183630 0.282228 0.285835 0.130966
12 0.811281 0.328149 0.224767 0.020344
4 0.500000 0.282228 0.285835 0.130966
12 0.153944 0.328149 0.175573 0.020344
12 0.490246 0.473200 0.215437 0.020344
4 0.816370 0.282228 0.285835 0.130966
17 0.500000 0.135368 1.000000 0.125196
4 0.183630 0.427279 0.285835 0.130966
4 0.183630 0.572330 0.285835 0.130966
11 0.500000 0.268535 0.245123 0.084800
11 0.816370 0.413586 0.245123 0.084800
4 0.816370 0.427279 0.285835 0.130966
12 0.482612 0.328149 0.200170 0.020344
