14 0.204411 0.843505 0.245971 0.028560
8 0.265055 0.605243 0.265479 0.028560
17 0.500000 0.135368 1.000000 0.125196
14 0.265055 0.605243 0.265479 0.028560
34 0.500000 0.943662 1.000000 0.112676
12 0.223494 0.300078 0.284139 0.028560
12 0.212892 0.408059 0.262935 0.028560
14 0.281595 0.539515 0.298558 0.028560
14 0.224343 0.473787 0.184054 0.028560
14 0.139101 0.974961 0.115352 0.028560
14 0.136556 0.777778 0.110263 0.028560
14 0.500000 0.300078 0.837150 0.032864
36 0.840967 0.300078 0.155216 0.032864
36 0.840967 0.232003 0.155216 0.032864
10 0.500000 0.875000 0.340967 0.005869
14 0.189143 0.909233 0.215437 0.028560
14 0.500000 0.232003 0.837150 0.032864
14 0.212044 0.712050 0.261238 0.028560
12 0.198473 0.232003 0.234097 0.028560
