37 0.500000 0.915792 1.000000 0.066467
12 0.233333 0.994753 0.296000 0.010495
26 0.482667 0.915792 0.191111 0.036482
14 0.247556 0.654923 0.324444 0.077461
12 0.229778 0.674663 0.288889 0.025987
26 0.860444 0.915792 0.193778 0.036482
14 0.219111 0.532484 0.267556 0.077461
12 0.219111 0.552224 0.267556 0.025987
12 0.217778 0.517991 0.264889 0.036482
17 0.500000 0.133433 1.000000 0.080960
12 0.233778 0.885307 0.296889 0.036482
12 0.175556 0.395552 0.180444 0.036482
14 0.233333 0.991754 0.296000 0.016492
12 0.168000 0.919540 0.165333 0.025987
12 0.182667 0.797101 0.194667 0.025987
12 0.210667 0.762869 0.250667 0.036482
14 0.210667 0.777361 0.250667 0.077461
14 0.231111 0.287606 0.291556 0.077461
12 0.247111 0.429785 0.323556 0.025987
12 0.247556 0.640430 0.324444 0.036482
14 0.247111 0.410045 0.323556 0.077461
26 0.122222 0.915792 0.159111 0.036482
12 0.208000 0.273113 0.245333 0.036482
14 0.233778 0.899800 0.296889 0.077461
12 0.231111 0.307346 0.291556 0.025987
