12 0.208000 0.296352 0.245333 0.036482
8 0.300889 0.773113 0.324444 0.036482
14 0.500000 0.383308 0.829333 0.041979
17 0.500000 0.172914 1.000000 0.159920
14 0.236444 0.689155 0.195556 0.036482
12 0.223111 0.521239 0.275556 0.036482
10 0.500000 0.840330 0.357333 0.007496
14 0.247556 0.987631 0.324444 0.024738
36 0.833333 0.296352 0.162667 0.041979
36 0.833333 0.383308 0.162667 0.041979
14 0.500000 0.296352 0.829333 0.041979
34 0.500000 0.928036 1.000000 0.143928
14 0.262667 0.605197 0.248000 0.036482
14 0.300889 0.773113 0.324444 0.036482
14 0.245778 0.909545 0.320889 0.036482
12 0.269778 0.383308 0.368889 0.036482
