12 0.208000 0.296352 0.245333 0.036482
12 0.234222 0.470265 0.297778 0.036482
14 0.198222 0.989130 0.225778 0.021739
8 0.274667 0.860070 0.272000 0.036482
14 0.500000 0.383308 0.829333 0.041979
14 0.277778 0.692154 0.278222 0.036482
14 0.274667 0.860070 0.272000 0.036482
36 0.833333 0.296352 0.162667 0.041979
10 0.500000 0.840330 0.357333 0.007496
14 0.282222 0.776112 0.287111 0.036482
36 0.833333 0.383308 0.162667 0.041979
14 0.500000 0.470265 0.829333 0.041979
12 0.228889 0.383308 0.287111 0.036482
14 0.500000 0.296352 0.829333 0.041979
17 0.500000 0.172914 1.000000 0.159920
12 0.223111 0.608196 0.275556 0.036482
36 0.833333 0.470265 0.162667 0.041979
34 0.500000 0.928036 1.000000 0.143928
