14 0.270222 0.987631 0.369778 0.024738
14 0.500000 0.296352 0.829333 0.041979
12 0.228889 0.383308 0.287111 0.036482
8 0.500000 0.521239 0.829333 0.036482
14 0.254667 0.825587 0.338667 0.036482
14 0.209333 0.657671 0.248000 0.036482
14 0.500000 0.383308 0.829333 0.041979
12 0.223111 0.521239 0.275556 0.036482
12 0.208000 0.296352 0.245333 0.036482
17 0.500000 0.172914 1.000000 0.159920
14 0.240000 0.909545 0.309333 0.036482
34 0.500000 0.928036 1.000000 0.143928
36 0.833333 0.383308 0.162667 0.041979
36 0.833333 0.296352 0.162667 0.041979
10 0.500000 0.840330 0.357333 0.007496
14 0.239111 0.741629 0.307556 0.036482
