12 0.215111 0.674663 0.259556 0.025987
37 0.500000 0.915792 1.000000 0.066467
14 0.208000 0.287606 0.245333 0.077461
12 0.145778 0.640430 0.120889 0.036482
12 0.228889 0.429785 0.287111 0.025987
12 0.119111 0.919540 0.067556 0.025987
14 0.189778 0.532484 0.208889 0.077461
26 0.164889 0.915792 0.244444 0.036482
26 0.646222 0.915792 0.193778 0.036482
26 0.868444 0.915792 0.177778 0.036482
12 0.217333 0.797101 0.264000 0.025987
14 0.234667 0.991754 0.298667 0.016492
14 0.247111 0.777361 0.323556 0.077461
14 0.215111 0.654923 0.259556 0.077461
12 0.181778 0.517991 0.192889 0.036482
12 0.189778 0.552224 0.208889 0.025987
12 0.208000 0.273113 0.245333 0.036482
14 0.235111 0.410045 0.299556 0.077461
12 0.235111 0.395552 0.299556 0.036482
17 0.500000 0.133433 1.000000 0.080960
12 0.247111 0.762869 0.323556 0.036482
12 0.234667 0.994753 0.298667 0.010495
14 0.248000 0.899800 0.325333 0.077461
26 0.418222 0.915792 0.189333 0.036482
12 0.248000 0.885307 0.325333 0.036482
12 0.145333 0.307346 0.120000 0.025987
