11 0.737277 0.495672 0.403308 0.139525
12 0.630195 0.582649 0.178965 0.020344
11 0.737277 0.895222 0.403308 0.139525
11 0.262723 0.295897 0.403308 0.139525
12 0.595420 0.382874 0.109415 0.020344
12 0.153944 0.382874 0.175573 0.020344
4 0.262723 0.509365 0.444020 0.185691
4 0.737277 0.709140 0.444020 0.185691
17 0.500000 0.135368 1.000000 0.125196
4 0.262723 0.709140 0.444020 0.185691
4 0.262723 0.908035 0.444020 0.183930
11 0.737277 0.295897 0.403308 0.139525
11 0.262723 0.695447 0.403308 0.139525
12 0.163698 0.782424 0.195081 0.020344
4 0.262723 0.309590 0.444020 0.185691
12 0.638253 0.982199 0.195081 0.020344
12 0.159457 0.582649 0.186599 0.020344
4 0.737277 0.509365 0.444020 0.185691
11 0.737277 0.695447 0.403308 0.139525
12 0.623834 0.782424 0.166243 0.020344
11 0.262723 0.895222 0.403308 0.139525
4 0.737277 0.908035 0.444020 0.183930
12 0.178541 0.982199 0.224767 0.020344
11 0.262723 0.495672 0.403308 0.139525
4 0.737277 0.309590 0.444020 0.185691
