14 0.500000 0.470265 0.829333 0.041979
36 0.833333 0.470265 0.162667 0.041979
36 0.833333 0.383308 0.162667 0.041979
10 0.500000 0.840330 0.357333 0.007496
34 0.500000 0.928036 1.000000 0.143928
12 0.208000 0.296352 0.245333 0.036482
14 0.270222 0.744628 0.369778 0.036482
17 0.500000 0.172914 1.000000 0.159920
14 0.500000 0.296352 0.829333 0.041979
14 0.217778 0.912544 0.264889 0.036482
14 0.241778 0.828586 0.312889 0.036482
14 0.232444 0.989130 0.294222 0.021739
12 0.232444 0.470265 0.294222 0.036482
14 0.500000 0.383308 0.829333 0.041979
12 0.199111 0.383308 0.227556 0.036482
8 0.500000 0.608196 0.829333 0.036482
36 0.833333 0.296352 0.162667 0.041979
12 0.223111 0.608196 0.275556 0.036482
