4 0.815556 0.535670 0.283556 0.160545
18 0.500000 0.827086 1.000000 0.014993
11 0.500000 0.696714 0.240889 0.101574
11 0.184444 0.518178 0.240889 0.101574
12 0.458667 0.769490 0.147556 0.025987
12 0.167556 0.590955 0.196444 0.025987
4 0.184444 0.714205 0.283556 0.160545
11 0.184444 0.696714 0.240889 0.101574
4 0.500000 0.357134 0.283556 0.160545
11 0.500000 0.518178 0.240889 0.101574
12 0.798222 0.590955 0.195556 0.025987
11 0.815556 0.518178 0.240889 0.101574
11 0.500000 0.339643 0.240889 0.101574
11 0.815556 0.339643 0.240889 0.101574
4 0.184444 0.357134 0.283556 0.160545
12 0.178667 0.769490 0.218667 0.025987
17 0.500000 0.172914 1.000000 0.159920
4 0.815556 0.357134 0.283556 0.160545
12 0.161333 0.412419 0.184000 0.025987
12 0.801333 0.412419 0.201778 0.025987
11 0.184444 0.339643 0.240889 0.101574
12 0.498667 0.590955 0.227556 0.025987
4 0.500000 0.714205 0.283556 0.160545
12 0.473333 0.412419 0.176889 0.025987
4 0.184444 0.535670 0.283556 0.160545
4 0.500000 0.535670 0.283556 0.160545
