4 0.816370 0.293378 0.285835 0.153267
11 0.500000 0.435886 0.245123 0.084800
11 0.183630 0.279685 0.245123 0.084800
11 0.816370 0.268535 0.245123 0.084800
11 0.183630 0.447036 0.245123 0.084800
12 0.768872 0.339300 0.139949 0.042645
12 0.161578 0.506651 0.190840 0.020344
11 0.500000 0.279685 0.245123 0.084800
4 0.183630 0.460730 0.285835 0.130966
17 0.500000 0.135368 1.000000 0.125196
12 0.458863 0.506651 0.152672 0.042645
18 0.500000 0.562989 1.000000 0.011737
12 0.482612 0.339300 0.200170 0.020344
4 0.183630 0.293378 0.285835 0.130966
4 0.500000 0.460730 0.285835 0.153267
12 0.153944 0.339300 0.175573 0.020344
4 0.500000 0.293378 0.285835 0.130966
