12 0.153944 0.339300 0.175573 0.020344
17 0.500000 0.135368 1.000000 0.125196
11 0.183630 0.435886 0.245123 0.084800
4 0.183630 0.460730 0.285835 0.153267
4 0.816370 0.293378 0.285835 0.130966
11 0.500000 0.268535 0.245123 0.084800
4 0.500000 0.293378 0.285835 0.153267
12 0.437235 0.506651 0.109415 0.020344
18 0.500000 0.562989 1.000000 0.011737
4 0.500000 0.460730 0.285835 0.130966
11 0.183630 0.279685 0.245123 0.084800
11 0.816370 0.279685 0.245123 0.084800
11 0.500000 0.447036 0.245123 0.084800
4 0.183630 0.293378 0.285835 0.130966
12 0.797710 0.339300 0.197625 0.020344
12 0.131467 0.506651 0.130619 0.042645
12 0.455047 0.339300 0.145038 0.042645
