14 0.198473 0.225156 0.234097 0.060642
26 0.366836 0.934077 0.217981 0.028560
12 0.209075 0.528169 0.255301 0.020344
14 0.251908 0.608568 0.340967 0.060642
12 0.198473 0.309664 0.234097 0.028560
12 0.234521 0.501369 0.306192 0.028560
14 0.198473 0.321009 0.234097 0.060642
14 0.256573 0.416862 0.350297 0.060642
17 0.500000 0.104460 1.000000 0.063380
26 0.627226 0.934077 0.233249 0.028560
12 0.251908 0.597222 0.340967 0.028560
12 0.174724 0.432316 0.186599 0.020344
12 0.198473 0.213811 0.234097 0.028560
14 0.234521 0.512715 0.306192 0.060642
12 0.256573 0.405516 0.350297 0.028560
37 0.500000 0.934077 1.000000 0.052034
12 0.179813 0.336463 0.196777 0.020344
26 0.131891 0.934077 0.182358 0.028560
26 0.868957 0.934077 0.180662 0.028560
12 0.183630 0.624022 0.204411 0.020344
12 0.140797 0.240610 0.118745 0.020344
