12 0.785835 0.339300 0.173876 0.020344
11 0.183630 0.580937 0.245123 0.084800
11 0.500000 0.435886 0.245123 0.084800
4 0.816370 0.594630 0.285835 0.130966
12 0.153944 0.339300 0.175573 0.020344
4 0.500000 0.594630 0.285835 0.130966
11 0.500000 0.580937 0.245123 0.084800
4 0.183630 0.449579 0.285835 0.130966
11 0.816370 0.279685 0.245123 0.084800
11 0.183630 0.279685 0.245123 0.084800
4 0.500000 0.293378 0.285835 0.153267
4 0.183630 0.293378 0.285835 0.130966
11 0.816370 0.580937 0.245123 0.084800
18 0.500000 0.685055 1.000000 0.011737
12 0.737065 0.495501 0.076336 0.020344
4 0.500000 0.449579 0.285835 0.130966
12 0.159881 0.640552 0.187447 0.020344
12 0.490246 0.640552 0.215437 0.020344
12 0.780746 0.640552 0.163698 0.020344
17 0.500000 0.135368 1.000000 0.125196
12 0.453350 0.495501 0.141645 0.020344
4 0.183630 0.594630 0.285835 0.130966
4 0.816370 0.293378 0.285835 0.130966
12 0.455047 0.339300 0.145038 0.042645
11 0.500000 0.268535 0.245123 0.084800
12 0.153096 0.495501 0.173876 0.020344
11 0.183630 0.435886 0.245123 0.084800
4 0.816370 0.449579 0.285835 0.130966
11 0.816370 0.435886 0.245123 0.084800
