30 0.150000 0.500000 0.300000 1.000000
12 0.159457 0.169601 0.064461 0.089593
14 0.150000 0.463028 0.300000 0.082551
12 0.646904 0.345266 0.692112 0.089593
14 0.150000 0.169601 0.300000 0.113067
12 0.125530 0.056534 0.251060 0.113067
14 0.150000 0.365219 0.300000 0.113067
14 0.150000 0.267410 0.300000 0.082551
12 0.162850 0.463028 0.071247 0.059077
12 0.438677 0.269953 0.275657 0.032864
12 0.158185 0.267410 0.061917 0.059077
11 0.650424 0.145540 0.699152 0.187793
12 0.164122 0.365219 0.073791 0.089593
