36 0.833333 0.556722 0.162667 0.041979
12 0.208000 0.295852 0.245333 0.036482
34 0.500000 0.928036 1.000000 0.143928
14 0.215111 0.915042 0.259556 0.036482
12 0.198667 0.556722 0.226667 0.036482
36 0.833333 0.295852 0.162667 0.041979
36 0.833333 0.382809 0.162667 0.041979
10 0.500000 0.840330 0.357333 0.007496
36 0.833333 0.469765 0.162667 0.041979
12 0.256889 0.469765 0.343111 0.036482
14 0.500000 0.469765 0.829333 0.041979
14 0.237778 0.990380 0.304889 0.019240
14 0.236444 0.831084 0.302222 0.036482
14 0.500000 0.556722 0.829333 0.041979
12 0.190222 0.382809 0.209778 0.036482
8 0.500000 0.694653 0.829333 0.036482
14 0.500000 0.382809 0.829333 0.041979
14 0.500000 0.295852 0.829333 0.041979
12 0.223111 0.694653 0.275556 0.036482
17 0.500000 0.172664 1.000000 0.159420
