12 0.158667 0.605197 0.178667 0.054473
4 0.500000 0.549913 0.283556 0.189030
11 0.184444 0.725200 0.240889 0.101574
12 0.744444 0.605197 0.088000 0.025987
17 0.500000 0.172914 1.000000 0.159920
11 0.500000 0.339643 0.240889 0.101574
4 0.184444 0.742691 0.283556 0.160545
12 0.160444 0.797976 0.182222 0.025987
12 0.472000 0.412419 0.174222 0.025987
4 0.500000 0.357134 0.283556 0.160545
18 0.500000 0.855572 1.000000 0.014993
4 0.184444 0.357134 0.283556 0.160545
12 0.458222 0.605197 0.146667 0.054473
11 0.815556 0.532421 0.240889 0.101574
4 0.815556 0.357134 0.283556 0.160545
12 0.161333 0.412419 0.184000 0.025987
4 0.184444 0.549913 0.283556 0.189030
11 0.184444 0.518178 0.240889 0.101574
4 0.815556 0.549913 0.283556 0.160545
12 0.801333 0.412419 0.201778 0.025987
11 0.500000 0.518178 0.240889 0.101574
11 0.815556 0.339643 0.240889 0.101574
11 0.184444 0.339643 0.240889 0.101574
