4 0.500000 0.282228 0.285835 0.130966
11 0.816370 0.268535 0.245123 0.084800
12 0.785835 0.328149 0.173876 0.020344
4 0.816370 0.282228 0.285835 0.130966
11 0.500000 0.268535 0.245123 0.084800
12 0.138677 0.484351 0.145038 0.042645
11 0.183630 0.268535 0.245123 0.084800
12 0.489398 0.484351 0.213740 0.020344
4 0.183630 0.438429 0.285835 0.153267
4 0.500000 0.438429 0.285835 0.130966
18 0.500000 0.540689 1.000000 0.011737
12 0.482612 0.328149 0.200170 0.020344
11 0.183630 0.413586 0.245123 0.084800
12 0.153944 0.328149 0.175573 0.020344
11 0.500000 0.424736 0.245123 0.084800
17 0.500000 0.135368 1.000000 0.125196
4 0.183630 0.282228 0.285835 0.130966
