12 0.208000 0.355572 0.245333 0.036482
12 0.189778 0.389805 0.208889 0.025987
17 0.500000 0.133433 1.000000 0.080960
14 0.261778 0.737381 0.352889 0.077461
14 0.245778 0.492504 0.320889 0.077461
12 0.176444 0.757121 0.182222 0.025987
14 0.208000 0.370065 0.245333 0.077461
14 0.247111 0.614943 0.323556 0.077461
12 0.212444 0.600450 0.254222 0.036482
12 0.247111 0.634683 0.323556 0.025987
12 0.184000 0.512244 0.197333 0.025987
12 0.261778 0.722889 0.352889 0.036482
28 0.500000 0.215142 0.914667 0.046477
12 0.245778 0.478011 0.320889 0.036482
