4 0.500000 0.282228 0.285835 0.130966
12 0.165394 0.473200 0.198473 0.020344
12 0.791349 0.328149 0.184902 0.020344
12 0.153944 0.328149 0.175573 0.020344
11 0.816370 0.268535 0.245123 0.084800
4 0.183630 0.282228 0.285835 0.130966
12 0.475827 0.328149 0.186599 0.020344
11 0.183630 0.413586 0.245123 0.084800
17 0.500000 0.135368 1.000000 0.125196
4 0.816370 0.282228 0.285835 0.130966
11 0.500000 0.268535 0.245123 0.084800
11 0.183630 0.268535 0.245123 0.084800
18 0.500000 0.518388 1.000000 0.011737
4 0.183630 0.427279 0.285835 0.130966
