14 0.500000 0.300078 0.837150 0.032864
17 0.500000 0.135368 1.000000 0.125196
36 0.840967 0.436228 0.155216 0.032864
12 0.195505 0.368153 0.228159 0.028560
14 0.251060 0.741393 0.237489 0.028560
36 0.840967 0.232003 0.155216 0.032864
34 0.500000 0.943662 1.000000 0.112676
14 0.173452 0.848200 0.184054 0.028560
14 0.249364 0.609937 0.234097 0.028560
36 0.840967 0.300078 0.155216 0.032864
8 0.251060 0.741393 0.237489 0.028560
14 0.500000 0.436228 0.837150 0.032864
12 0.198473 0.232003 0.234097 0.028560
12 0.189567 0.436228 0.216285 0.028560
14 0.195505 0.979656 0.228159 0.028560
14 0.201018 0.913928 0.239186 0.028560
14 0.287108 0.675665 0.309584 0.028560
10 0.500000 0.875000 0.340967 0.005869
14 0.500000 0.368153 0.837150 0.032864
12 0.209500 0.300078 0.256149 0.028560
14 0.500000 0.232003 0.837150 0.032864
12 0.212892 0.544210 0.262935 0.028560
36 0.840967 0.368153 0.155216 0.032864
