12 0.208000 0.296352 0.245333 0.036482
14 0.500000 0.296352 0.829333 0.041979
12 0.223111 0.695152 0.275556 0.036482
14 0.500000 0.557221 0.829333 0.041979
14 0.500000 0.470265 0.829333 0.041979
36 0.833333 0.383308 0.162667 0.041979
14 0.302222 0.863068 0.327111 0.036482
14 0.266222 0.947026 0.255111 0.036482
12 0.214667 0.383308 0.258667 0.036482
36 0.833333 0.557221 0.162667 0.041979
36 0.833333 0.296352 0.162667 0.041979
12 0.244000 0.557221 0.317333 0.036482
8 0.266222 0.947026 0.255111 0.036482
34 0.500000 0.928036 1.000000 0.143928
36 0.833333 0.470265 0.162667 0.041979
14 0.268444 0.779110 0.259556 0.036482
14 0.500000 0.383308 0.829333 0.041979
12 0.241333 0.470265 0.312000 0.036482
10 0.500000 0.840330 0.357333 0.007496
17 0.500000 0.172914 1.000000 0.159920
