12 0.792000 0.744628 0.245333 0.036482
12 0.771111 0.989130 0.287111 0.021739
14 0.500000 0.519740 0.829333 0.041979
35 0.500000 0.294853 0.829333 0.037481
12 0.775556 0.828586 0.278222 0.036482
14 0.775556 0.828586 0.278222 0.036482
36 0.166667 0.519740 0.162667 0.041979
36 0.166667 0.432784 0.162667 0.041979
14 0.500000 0.606697 0.829333 0.041979
12 0.754222 0.606697 0.320889 0.036482
14 0.771111 0.989130 0.287111 0.021739
21 0.500000 0.863568 0.893333 0.074963
17 0.500000 0.172914 1.000000 0.159920
36 0.166667 0.606697 0.162667 0.041979
14 0.500000 0.432784 0.829333 0.041979
12 0.734667 0.912544 0.360000 0.036482
14 0.734667 0.912544 0.360000 0.036482
12 0.802667 0.432784 0.224000 0.036482
14 0.792000 0.744628 0.245333 0.036482
12 0.745333 0.519740 0.338667 0.036482
