14 0.150000 0.463028 0.300000 0.082551
12 0.164546 0.463028 0.074640 0.059077
12 0.160305 0.365219 0.066158 0.089593
12 0.158609 0.252152 0.062765 0.089593
12 0.125530 0.056534 0.251060 0.113067
14 0.150000 0.252152 0.300000 0.113067
12 0.622307 0.345266 0.642918 0.089593
11 0.650424 0.145540 0.699152 0.187793
14 0.150000 0.154343 0.300000 0.082551
12 0.162850 0.154343 0.071247 0.059077
30 0.150000 0.500000 0.300000 1.000000
14 0.150000 0.365219 0.300000 0.113067
12 0.440373 0.269953 0.279050 0.032864
