17 0.500000 0.172914 1.000000 0.159920
12 0.738222 0.519740 0.352889 0.036482
12 0.780444 0.909545 0.268444 0.036482
12 0.792000 0.657671 0.245333 0.036482
12 0.729778 0.825587 0.369778 0.036482
14 0.500000 0.519740 0.829333 0.041979
35 0.500000 0.294853 0.829333 0.037481
12 0.724889 0.987631 0.379556 0.024738
14 0.792000 0.657671 0.245333 0.036482
14 0.500000 0.432784 0.829333 0.041979
21 0.500000 0.863568 0.893333 0.074963
12 0.760889 0.432784 0.307556 0.036482
36 0.166667 0.432784 0.162667 0.041979
12 0.854222 0.741629 0.120889 0.036482
14 0.724889 0.987631 0.379556 0.024738
36 0.166667 0.519740 0.162667 0.041979
14 0.729778 0.825587 0.369778 0.036482
14 0.854222 0.741629 0.120889 0.036482
14 0.780444 0.909545 0.268444 0.036482
