14 0.208000 0.370065 0.245333 0.077461
28 0.500000 0.215142 0.914667 0.046477
12 0.217333 0.634683 0.264000 0.025987
14 0.245778 0.614943 0.320889 0.077461
12 0.245778 0.600450 0.320889 0.036482
12 0.147556 0.512244 0.124444 0.025987
12 0.209778 0.722889 0.248889 0.036482
12 0.145333 0.389805 0.120000 0.025987
12 0.132000 0.757121 0.093333 0.025987
17 0.500000 0.133433 1.000000 0.080960
14 0.228889 0.492504 0.287111 0.077461
12 0.228889 0.478011 0.287111 0.036482
14 0.209778 0.737381 0.248889 0.077461
12 0.208000 0.355572 0.245333 0.036482
