4 0.500000 0.282228 0.285835 0.130966
11 0.183630 0.413586 0.245123 0.084800
11 0.500000 0.424736 0.245123 0.084800
4 0.500000 0.438429 0.285835 0.130966
11 0.500000 0.268535 0.245123 0.084800
12 0.142494 0.484351 0.152672 0.042645
12 0.482612 0.328149 0.200170 0.020344
11 0.816370 0.268535 0.245123 0.084800
4 0.816370 0.282228 0.285835 0.130966
12 0.449534 0.484351 0.134012 0.020344
12 0.153944 0.328149 0.175573 0.020344
12 0.780322 0.328149 0.162850 0.020344
11 0.183630 0.268535 0.245123 0.084800
4 0.183630 0.438429 0.285835 0.153267
4 0.183630 0.282228 0.285835 0.130966
17 0.500000 0.135368 1.000000 0.125196
18 0.500000 0.540689 1.000000 0.011737
