12 0.181778 0.845327 0.192889 0.036482
14 0.212444 0.492504 0.254222 0.077461
12 0.233778 0.722889 0.296889 0.036482
14 0.233778 0.737381 0.296889 0.077461
12 0.214667 0.600450 0.258667 0.036482
14 0.181778 0.859820 0.192889 0.077461
12 0.231111 0.389805 0.291556 0.025987
12 0.124444 0.757121 0.078222 0.025987
12 0.212444 0.478011 0.254222 0.036482
12 0.204000 0.634683 0.237333 0.025987
28 0.500000 0.215142 0.914667 0.046477
12 0.170222 0.879560 0.169778 0.025987
12 0.164444 0.512244 0.158222 0.025987
14 0.214667 0.614943 0.258667 0.077461
17 0.500000 0.133433 1.000000 0.080960
12 0.208000 0.355572 0.245333 0.036482
14 0.231111 0.370065 0.291556 0.077461
