18 0.500000 0.540689 1.000000 0.011737
12 0.158609 0.495501 0.184902 0.020344
11 0.816370 0.268535 0.245123 0.084800
4 0.500000 0.449579 0.285835 0.130966
17 0.500000 0.135368 1.000000 0.125196
4 0.183630 0.293378 0.285835 0.130966
12 0.790500 0.339300 0.183206 0.042645
11 0.500000 0.268535 0.245123 0.084800
4 0.500000 0.293378 0.285835 0.153267
11 0.183630 0.279685 0.245123 0.084800
12 0.449958 0.339300 0.134860 0.042645
11 0.500000 0.435886 0.245123 0.084800
11 0.183630 0.435886 0.245123 0.084800
4 0.183630 0.449579 0.285835 0.130966
4 0.816370 0.293378 0.285835 0.153267
12 0.153944 0.339300 0.175573 0.020344
12 0.470314 0.495501 0.175573 0.020344
