30 0.150000 0.500000 0.300000 1.000000
14 0.150000 0.741197 0.300000 0.082551
12 0.158185 0.154343 0.061917 0.059077
12 0.159457 0.643388 0.064461 0.089593
14 0.150000 0.417254 0.300000 0.113067
14 0.150000 0.530321 0.300000 0.113067
14 0.150000 0.154343 0.300000 0.082551
12 0.125530 0.056534 0.251060 0.113067
14 0.150000 0.319444 0.300000 0.082551
12 0.624852 0.345266 0.648007 0.089593
14 0.150000 0.236894 0.300000 0.082551
12 0.164122 0.417254 0.073791 0.089593
12 0.158609 0.530321 0.062765 0.089593
12 0.440373 0.269953 0.279050 0.032864
12 0.164546 0.741197 0.074640 0.059077
12 0.161578 0.236894 0.068702 0.059077
11 0.650424 0.145540 0.699152 0.187793
14 0.150000 0.643388 0.300000 0.113067
12 0.162850 0.319444 0.071247 0.059077
