14 0.665818 0.275039 0.668363 0.065728
9 0.459288 0.102113 0.315522 0.041080
14 0.665818 0.425274 0.668363 0.065728
17 0.500000 0.180947 1.000000 0.098983
25 0.500000 0.204617 1.000000 0.051643
37 0.500000 0.873239 1.000000 0.051643
30 0.165394 0.538928 0.330789 0.616980
12 0.501272 0.873239 0.106870 0.020344
12 0.647159 0.263693 0.329092 0.028560
12 0.187447 0.150430 0.293469 0.037950
12 0.646310 0.338811 0.327396 0.028560
34 0.500000 0.929577 1.000000 0.061033
32 0.500000 0.102113 1.000000 0.058685
14 0.665818 0.350156 0.668363 0.065728
12 0.651824 0.413928 0.338422 0.028560
