26 0.139556 0.915792 0.193778 0.036482
12 0.182667 0.429785 0.194667 0.025987
12 0.231111 0.552224 0.291556 0.025987
12 0.257778 0.517991 0.344889 0.036482
37 0.500000 0.915792 1.000000 0.066467
12 0.118667 0.674663 0.066667 0.025987
12 0.208000 0.273113 0.245333 0.036482
17 0.500000 0.133433 1.000000 0.080960
14 0.214222 0.654923 0.257778 0.077461
12 0.204889 0.307346 0.239111 0.025987
12 0.233778 0.395552 0.296889 0.036482
12 0.214222 0.640430 0.257778 0.036482
14 0.208000 0.287606 0.245333 0.077461
26 0.855556 0.915792 0.203556 0.036482
14 0.257778 0.532484 0.344889 0.077461
14 0.233778 0.410045 0.296889 0.077461
