14 0.200170 0.843505 0.237489 0.028560
36 0.840967 0.300078 0.155216 0.032864
14 0.195081 0.974961 0.227311 0.028560
12 0.212892 0.408059 0.262935 0.028560
14 0.500000 0.232003 0.837150 0.032864
8 0.273961 0.605243 0.283291 0.028560
14 0.273961 0.605243 0.283291 0.028560
12 0.175148 0.300078 0.187447 0.028560
14 0.195505 0.909233 0.228159 0.028560
17 0.500000 0.135368 1.000000 0.125196
14 0.212044 0.777778 0.261238 0.028560
14 0.205259 0.712050 0.247668 0.028560
34 0.500000 0.943662 1.000000 0.112676
10 0.500000 0.875000 0.340967 0.005869
14 0.264207 0.473787 0.263783 0.028560
12 0.198473 0.232003 0.234097 0.028560
36 0.840967 0.232003 0.155216 0.032864
14 0.340119 0.539515 0.415606 0.028560
14 0.500000 0.300078 0.837150 0.032864
