12 0.782222 0.519740 0.264889 0.036482
21 0.500000 0.863568 0.893333 0.074963
36 0.166667 0.432784 0.162667 0.041979
12 0.792000 0.657671 0.245333 0.036482
36 0.166667 0.519740 0.162667 0.041979
12 0.736444 0.987631 0.356444 0.024738
35 0.500000 0.294853 0.829333 0.037481
14 0.743111 0.825587 0.343111 0.036482
14 0.790667 0.741629 0.248000 0.036482
17 0.500000 0.172914 1.000000 0.159920
14 0.500000 0.432784 0.829333 0.041979
12 0.780444 0.909545 0.268444 0.036482
14 0.500000 0.519740 0.829333 0.041979
12 0.743111 0.825587 0.343111 0.036482
14 0.736444 0.987631 0.356444 0.024738
12 0.790667 0.741629 0.248000 0.036482
14 0.792000 0.657671 0.245333 0.036482
14 0.780444 0.909545 0.268444 0.036482
12 0.760000 0.432784 0.309333 0.036482
