14 0.269778 0.614943 0.368889 0.077461
12 0.141778 0.512244 0.112889 0.025987
14 0.217778 0.492504 0.264889 0.077461
12 0.204444 0.845327 0.238222 0.036482
12 0.269778 0.600450 0.368889 0.036482
12 0.170222 0.879560 0.169778 0.025987
14 0.245778 0.737381 0.320889 0.077461
12 0.123556 0.389805 0.076444 0.025987
12 0.216889 0.634683 0.263111 0.025987
12 0.245778 0.722889 0.320889 0.036482
17 0.500000 0.133433 1.000000 0.080960
14 0.204444 0.859820 0.238222 0.077461
12 0.168889 0.757121 0.167111 0.025987
28 0.500000 0.215142 0.914667 0.046477
12 0.217778 0.478011 0.264889 0.036482
12 0.208000 0.355572 0.245333 0.036482
14 0.208000 0.370065 0.245333 0.077461
