12 0.218222 0.198151 0.351111 0.048476
4 0.263333 0.700650 0.441333 0.217891
12 0.260889 0.558471 0.436444 0.036482
11 0.263333 0.899550 0.063111 0.025987
4 0.736667 0.913793 0.441333 0.172414
4 0.263333 0.913793 0.441333 0.172414
11 0.736667 0.663668 0.063111 0.025987
23 0.500000 0.264368 1.000000 0.053973
12 0.254667 0.984258 0.381333 0.031484
12 0.262222 0.748376 0.396444 0.031484
24 0.985333 0.317841 0.008000 0.089955
15 0.500000 0.411294 0.914667 0.209895
11 0.736667 0.899550 0.063111 0.025987
12 0.732000 0.984258 0.389333 0.031484
4 0.736667 0.700650 0.441333 0.217891
12 0.710667 0.748376 0.346667 0.031484
17 0.500000 0.165167 1.000000 0.144428
11 0.263333 0.663668 0.063111 0.025987
