12 0.223111 0.608196 0.275556 0.036482
14 0.261333 0.692154 0.245333 0.036482
34 0.500000 0.928036 1.000000 0.143928
8 0.235111 0.860070 0.192889 0.036482
12 0.208000 0.296352 0.245333 0.036482
14 0.500000 0.296352 0.829333 0.041979
14 0.235111 0.989130 0.299556 0.021739
36 0.833333 0.383308 0.162667 0.041979
36 0.833333 0.296352 0.162667 0.041979
14 0.500000 0.470265 0.829333 0.041979
17 0.500000 0.172914 1.000000 0.159920
14 0.323111 0.776112 0.368889 0.036482
14 0.500000 0.383308 0.829333 0.041979
10 0.500000 0.840330 0.357333 0.007496
12 0.233778 0.470265 0.296889 0.036482
14 0.235111 0.860070 0.192889 0.036482
12 0.219556 0.383308 0.268444 0.036482
36 0.833333 0.470265 0.162667 0.041979
