12 0.131556 0.072214 0.263111 0.144428
14 0.150000 0.552474 0.300000 0.105447
12 0.650444 0.421539 0.699111 0.075462
14 0.150000 0.447026 0.300000 0.105447
14 0.150000 0.322089 0.300000 0.144428
12 0.164444 0.447026 0.062222 0.075462
12 0.160000 0.763368 0.053333 0.075462
11 0.650444 0.185907 0.699111 0.239880
12 0.164444 0.552474 0.062222 0.075462
30 0.150000 0.500000 0.300000 1.000000
14 0.150000 0.197151 0.300000 0.105447
14 0.150000 0.888306 0.300000 0.144428
12 0.421333 0.344828 0.240889 0.041979
12 0.164444 0.197151 0.062222 0.075462
12 0.164000 0.888306 0.061333 0.114443
12 0.164000 0.322089 0.061333 0.114443
14 0.150000 0.657921 0.300000 0.105447
12 0.163111 0.657921 0.059556 0.075462
14 0.150000 0.763368 0.300000 0.105447
