12 0.195505 0.597222 0.228159 0.028560
26 0.868957 0.934077 0.180662 0.028560
14 0.166243 0.321009 0.169635 0.060642
12 0.136980 0.528169 0.111111 0.020344
12 0.153096 0.432316 0.143342 0.020344
14 0.153096 0.416862 0.143342 0.060642
12 0.223070 0.788928 0.283291 0.028560
26 0.149703 0.934077 0.217981 0.028560
14 0.200594 0.704421 0.238338 0.060642
14 0.198473 0.225156 0.234097 0.060642
12 0.166243 0.336463 0.169635 0.020344
12 0.142494 0.624022 0.122137 0.020344
37 0.500000 0.934077 1.000000 0.052034
12 0.247668 0.501369 0.332485 0.028560
12 0.235793 0.815728 0.308736 0.020344
12 0.162426 0.719875 0.162002 0.020344
14 0.195505 0.608568 0.228159 0.060642
14 0.235793 0.800274 0.308736 0.060642
14 0.247668 0.512715 0.332485 0.060642
12 0.139101 0.405516 0.115352 0.028560
17 0.500000 0.104460 1.000000 0.063380
12 0.198473 0.213811 0.234097 0.028560
12 0.131467 0.240610 0.100085 0.020344
12 0.153096 0.309664 0.143342 0.028560
12 0.200594 0.693075 0.238338 0.028560
