36 0.840967 0.435837 0.155216 0.032864
14 0.253181 0.650626 0.343511 0.028560
17 0.500000 0.135172 1.000000 0.124804
12 0.218405 0.367762 0.273961 0.028560
12 0.212892 0.543818 0.262935 0.028560
14 0.131043 0.716354 0.099237 0.028560
10 0.500000 0.875000 0.340967 0.005869
14 0.500000 0.367762 0.837150 0.032864
14 0.500000 0.231612 0.837150 0.032864
36 0.840967 0.367762 0.155216 0.032864
36 0.840967 0.231612 0.155216 0.032864
14 0.217557 0.979264 0.272265 0.028560
12 0.198473 0.231612 0.234097 0.028560
14 0.213316 0.782081 0.263783 0.028560
14 0.204411 0.913537 0.245971 0.028560
12 0.234521 0.299687 0.306192 0.028560
36 0.840967 0.299687 0.155216 0.032864
8 0.500000 0.543818 0.837150 0.028560
12 0.230704 0.435837 0.298558 0.028560
14 0.194232 0.847809 0.225615 0.028560
14 0.500000 0.435837 0.837150 0.032864
14 0.500000 0.299687 0.837150 0.032864
34 0.500000 0.943662 1.000000 0.112676
