4 0.736667 0.390399 0.441333 0.227074
11 0.263333 0.617972 0.398667 0.168103
12 0.178667 0.724013 0.218667 0.025987
11 0.736667 0.372907 0.398667 0.168103
4 0.263333 0.635464 0.441333 0.227074
12 0.655556 0.724013 0.225778 0.025987
11 0.263333 0.372907 0.398667 0.168103
4 0.736667 0.635464 0.441333 0.227074
18 0.500000 0.780610 1.000000 0.014993
12 0.678667 0.478948 0.272000 0.025987
11 0.736667 0.617972 0.398667 0.168103
12 0.161333 0.478948 0.184000 0.025987
17 0.500000 0.172914 1.000000 0.159920
4 0.263333 0.390399 0.441333 0.227074
