12 0.801527 0.582942 0.234097 0.028560
21 0.500000 0.893192 0.898219 0.058685
36 0.159033 0.474961 0.155216 0.032864
36 0.159033 0.338811 0.155216 0.032864
12 0.776506 0.977308 0.284139 0.028560
12 0.781595 0.714397 0.273961 0.028560
12 0.801527 0.338811 0.234097 0.028560
14 0.752332 0.648670 0.332485 0.028560
36 0.159033 0.406886 0.155216 0.032864
35 0.500000 0.230829 0.837150 0.029343
12 0.776930 0.911581 0.283291 0.028560
14 0.776506 0.977308 0.284139 0.028560
12 0.754877 0.406886 0.327396 0.028560
14 0.781595 0.714397 0.273961 0.028560
14 0.500000 0.474961 0.837150 0.032864
14 0.500000 0.406886 0.837150 0.032864
12 0.765479 0.780125 0.306192 0.028560
14 0.776930 0.911581 0.283291 0.028560
14 0.500000 0.338811 0.837150 0.032864
12 0.752332 0.648670 0.332485 0.028560
12 0.776081 0.845853 0.284987 0.028560
17 0.500000 0.135368 1.000000 0.125196
12 0.782443 0.474961 0.272265 0.028560
14 0.765479 0.780125 0.306192 0.028560
14 0.801527 0.582942 0.234097 0.028560
14 0.776081 0.845853 0.284987 0.028560
