3 0.660729 0.103788 0.120441 0.019091
22 0.241730 0.577727 0.229008 0.003636
12 0.117472 0.041061 0.184054 0.022121
14 0.500000 0.684091 0.949109 0.040303
21 0.114928 0.103788 0.178965 0.028182
17 0.500000 0.080909 1.000000 0.049091
8 0.500000 0.839545 0.949109 0.029394
10 0.500000 0.994091 0.340967 0.011818
19 0.500000 0.476364 0.949109 0.080000
11 0.418151 0.041061 0.071247 0.018788
25 0.500000 0.352273 0.949109 0.036667
13 0.594148 0.041061 0.219678 0.022121
33 0.844784 0.170000 0.259542 0.029091
1 0.050891 0.577727 0.050891 0.018182
16 0.514843 0.577727 0.215437 0.028182
31 0.500000 0.205909 0.949109 0.028182
14 0.500000 0.724697 0.949109 0.040303
36 0.515267 0.170000 0.155216 0.025455
28 0.500000 0.422273 0.949109 0.028182
14 0.500000 0.765303 0.949109 0.040303
34 0.500000 0.956364 1.000000 0.087273
35 0.500000 0.273030 0.949109 0.030909
7 0.497880 0.103788 0.164546 0.028182
36 0.309160 0.170000 0.155216 0.025455
5 0.709075 0.577727 0.071247 0.025455
27 0.500000 0.311212 0.949109 0.030909
26 0.310008 0.103788 0.170483 0.028182
36 0.103053 0.170000 0.155216 0.025455
12 0.296014 0.041061 0.111959 0.015758
18 0.500000 0.613636 1.000000 0.025455
