12 0.687556 0.478948 0.289778 0.025987
12 0.666222 0.724013 0.247111 0.025987
4 0.263333 0.635464 0.441333 0.227074
11 0.263333 0.617972 0.398667 0.168103
11 0.736667 0.372907 0.398667 0.168103
11 0.263333 0.372907 0.398667 0.168103
18 0.500000 0.780610 1.000000 0.014993
12 0.161333 0.478948 0.184000 0.025987
4 0.736667 0.635464 0.441333 0.227074
11 0.736667 0.617972 0.398667 0.168103
4 0.736667 0.390399 0.441333 0.227074
4 0.263333 0.390399 0.441333 0.227074
12 0.201778 0.724013 0.264889 0.025987
17 0.500000 0.172914 1.000000 0.159920
