12 0.131556 0.072214 0.263111 0.144428
14 0.150000 0.216642 0.300000 0.144428
12 0.450667 0.344828 0.299556 0.041979
12 0.160444 0.361069 0.054222 0.114443
14 0.150000 0.361069 0.300000 0.144428
30 0.150000 0.500000 0.300000 1.000000
12 0.164000 0.216642 0.061333 0.114443
12 0.163556 0.649925 0.060444 0.114443
12 0.650444 0.421539 0.699111 0.075462
12 0.160444 0.505497 0.054222 0.114443
14 0.150000 0.505497 0.300000 0.144428
14 0.150000 0.649925 0.300000 0.144428
11 0.650444 0.185907 0.699111 0.239880
