14 0.233333 0.492504 0.296000 0.077461
12 0.208000 0.355572 0.245333 0.036482
12 0.210222 0.845327 0.249778 0.036482
12 0.229778 0.994503 0.288889 0.010995
12 0.174222 0.879560 0.177778 0.025987
12 0.229778 0.389805 0.288889 0.025987
12 0.203556 0.722889 0.236444 0.036482
28 0.500000 0.215142 0.914667 0.046477
12 0.152889 0.512244 0.135111 0.025987
14 0.254667 0.971764 0.338667 0.056472
14 0.204889 0.737381 0.239111 0.077461
12 0.233333 0.478011 0.296000 0.036482
17 0.500000 0.133433 1.000000 0.080960
12 0.172000 0.634683 0.173333 0.025987
14 0.210222 0.859820 0.249778 0.077461
12 0.204889 0.757121 0.239111 0.025987
14 0.260444 0.614943 0.350222 0.077461
12 0.254667 0.967766 0.338667 0.036482
14 0.229778 0.370065 0.288889 0.077461
12 0.260444 0.600450 0.350222 0.036482
