12 0.119111 0.307346 0.067556 0.025987
26 0.623556 0.915792 0.228444 0.036482
14 0.208000 0.287606 0.245333 0.077461
12 0.241778 0.797101 0.312889 0.025987
12 0.210222 0.517991 0.249778 0.036482
14 0.212889 0.410045 0.255111 0.077461
12 0.248000 0.762869 0.325333 0.036482
12 0.212889 0.395552 0.255111 0.036482
12 0.143556 0.429785 0.116444 0.025987
37 0.500000 0.915792 1.000000 0.066467
12 0.175556 0.640430 0.180444 0.036482
12 0.212444 0.885307 0.254222 0.036482
12 0.152889 0.674663 0.135111 0.025987
14 0.210222 0.532484 0.249778 0.077461
26 0.868444 0.915792 0.177778 0.036482
12 0.149778 0.552224 0.128889 0.025987
14 0.212444 0.899800 0.254222 0.077461
26 0.370667 0.915792 0.193778 0.036482
14 0.175556 0.654923 0.180444 0.077461
12 0.208000 0.273113 0.245333 0.036482
17 0.500000 0.133433 1.000000 0.080960
12 0.133778 0.919540 0.096889 0.025987
26 0.137333 0.915792 0.189333 0.036482
14 0.248000 0.777361 0.325333 0.077461
