14 0.500000 0.432784 0.829333 0.041979
14 0.500000 0.519740 0.829333 0.041979
35 0.500000 0.294853 0.829333 0.037481
12 0.775556 0.741629 0.278222 0.036482
12 0.730222 0.825587 0.368889 0.036482
14 0.792000 0.657671 0.245333 0.036482
12 0.752444 0.519740 0.324444 0.036482
14 0.730222 0.825587 0.368889 0.036482
12 0.792000 0.657671 0.245333 0.036482
36 0.166667 0.519740 0.162667 0.041979
17 0.500000 0.172914 1.000000 0.159920
14 0.766222 0.987631 0.296889 0.024738
36 0.166667 0.432784 0.162667 0.041979
14 0.775556 0.741629 0.278222 0.036482
12 0.776444 0.909545 0.276444 0.036482
14 0.776444 0.909545 0.276444 0.036482
21 0.500000 0.863568 0.893333 0.074963
12 0.766222 0.987631 0.296889 0.024738
12 0.759111 0.432784 0.311111 0.036482
