14 0.236641 0.777778 0.310433 0.028560
14 0.200594 0.580595 0.238338 0.028560
8 0.500000 0.408059 0.837150 0.028560
14 0.253181 0.712050 0.343511 0.028560
14 0.200170 0.909233 0.237489 0.028560
34 0.500000 0.943662 1.000000 0.112676
12 0.212892 0.408059 0.262935 0.028560
14 0.500000 0.300078 0.837150 0.032864
36 0.840967 0.300078 0.155216 0.032864
36 0.840967 0.232003 0.155216 0.032864
14 0.211196 0.843505 0.259542 0.028560
14 0.500000 0.232003 0.837150 0.032864
10 0.500000 0.875000 0.340967 0.005869
12 0.289228 0.300078 0.415606 0.028560
17 0.500000 0.135368 1.000000 0.125196
12 0.198473 0.232003 0.234097 0.028560
14 0.200170 0.514867 0.237489 0.028560
14 0.213316 0.646322 0.263783 0.028560
