12 0.164444 0.591454 0.062222 0.075462
12 0.481333 0.344828 0.360889 0.041979
14 0.150000 0.216642 0.300000 0.144428
30 0.150000 0.500000 0.300000 1.000000
12 0.164444 0.802349 0.062222 0.075462
14 0.150000 0.696902 0.300000 0.105447
14 0.150000 0.591454 0.300000 0.105447
12 0.164444 0.907796 0.062222 0.075462
12 0.607556 0.441029 0.613333 0.114443
12 0.164444 0.696902 0.062222 0.075462
11 0.650444 0.185907 0.699111 0.239880
12 0.164000 0.216642 0.061333 0.114443
12 0.163111 0.486007 0.059556 0.075462
14 0.150000 0.802349 0.300000 0.105447
14 0.150000 0.361069 0.300000 0.144428
12 0.164000 0.361069 0.061333 0.114443
14 0.150000 0.486007 0.300000 0.105447
12 0.131556 0.072214 0.263111 0.144428
14 0.150000 0.907796 0.300000 0.105447
