12 0.223111 0.608196 0.275556 0.036482
10 0.500000 0.840330 0.357333 0.007496
14 0.500000 0.383308 0.829333 0.041979
36 0.833333 0.383308 0.162667 0.041979
12 0.221333 0.470265 0.272000 0.036482
36 0.833333 0.296352 0.162667 0.041979
14 0.500000 0.470265 0.829333 0.041979
8 0.500000 0.608196 0.829333 0.036482
14 0.245778 0.828586 0.320889 0.036482
17 0.500000 0.172914 1.000000 0.159920
36 0.833333 0.470265 0.162667 0.041979
14 0.500000 0.296352 0.829333 0.041979
14 0.233333 0.912544 0.296000 0.036482
34 0.500000 0.928036 1.000000 0.143928
14 0.303111 0.989130 0.435556 0.021739
12 0.208000 0.296352 0.245333 0.036482
12 0.236444 0.383308 0.302222 0.036482
14 0.303111 0.744628 0.435556 0.036482
