12 0.137333 0.722889 0.104000 0.036482
14 0.220889 0.614943 0.271111 0.077461
12 0.181333 0.634683 0.192000 0.025987
12 0.184000 0.512244 0.197333 0.025987
12 0.228889 0.757121 0.287111 0.025987
12 0.219111 0.389805 0.267556 0.025987
17 0.500000 0.133433 1.000000 0.080960
12 0.208000 0.355572 0.245333 0.036482
14 0.219111 0.370065 0.267556 0.077461
14 0.228889 0.737381 0.287111 0.077461
28 0.500000 0.215142 0.914667 0.046477
12 0.214667 0.478011 0.258667 0.036482
14 0.214667 0.492504 0.258667 0.077461
12 0.220889 0.600450 0.271111 0.036482
