14 0.500000 0.406886 0.837150 0.032864
12 0.801527 0.514867 0.234097 0.028560
14 0.765479 0.777778 0.306192 0.028560
21 0.500000 0.893192 0.898219 0.058685
14 0.810857 0.646322 0.215437 0.028560
12 0.748516 0.338811 0.340119 0.028560
14 0.801527 0.514867 0.234097 0.028560
36 0.159033 0.406886 0.155216 0.032864
12 0.810857 0.646322 0.215437 0.028560
17 0.500000 0.135368 1.000000 0.125196
14 0.799830 0.712050 0.237489 0.028560
14 0.794741 0.580595 0.247668 0.028560
36 0.159033 0.338811 0.155216 0.032864
12 0.794741 0.580595 0.247668 0.028560
12 0.792197 0.406886 0.252757 0.028560
12 0.799830 0.712050 0.237489 0.028560
35 0.500000 0.230829 0.837150 0.029343
14 0.500000 0.338811 0.837150 0.032864
12 0.765479 0.777778 0.306192 0.028560
