14 0.210667 0.831084 0.250667 0.036482
14 0.500000 0.382809 0.829333 0.041979
17 0.500000 0.172664 1.000000 0.159420
12 0.228889 0.556722 0.287111 0.036482
12 0.208000 0.295852 0.245333 0.036482
34 0.500000 0.928036 1.000000 0.143928
14 0.221333 0.990380 0.272000 0.019240
36 0.833333 0.556722 0.162667 0.041979
12 0.217778 0.469765 0.264889 0.036482
14 0.500000 0.469765 0.829333 0.041979
14 0.500000 0.556722 0.829333 0.041979
36 0.833333 0.295852 0.162667 0.041979
36 0.833333 0.469765 0.162667 0.041979
12 0.223111 0.694653 0.275556 0.036482
14 0.199111 0.915042 0.227556 0.036482
10 0.500000 0.840330 0.357333 0.007496
12 0.265333 0.382809 0.360000 0.036482
8 0.500000 0.694653 0.829333 0.036482
14 0.500000 0.295852 0.829333 0.041979
36 0.833333 0.382809 0.162667 0.041979
