36 0.166667 0.432784 0.162667 0.041979
36 0.166667 0.519740 0.162667 0.041979
14 0.816444 0.909545 0.196444 0.036482
14 0.802667 0.741629 0.224000 0.036482
14 0.500000 0.432784 0.829333 0.041979
14 0.745333 0.987631 0.338667 0.024738
12 0.736444 0.825587 0.356444 0.036482
17 0.500000 0.172914 1.000000 0.159920
21 0.500000 0.863568 0.893333 0.074963
12 0.745333 0.987631 0.338667 0.024738
12 0.816444 0.909545 0.196444 0.036482
12 0.754222 0.519740 0.320889 0.036482
12 0.802667 0.741629 0.224000 0.036482
14 0.792000 0.657671 0.245333 0.036482
35 0.500000 0.294853 0.829333 0.037481
12 0.801333 0.432784 0.226667 0.036482
14 0.736444 0.825587 0.356444 0.036482
14 0.500000 0.519740 0.829333 0.041979
12 0.792000 0.657671 0.245333 0.036482
