12 0.209778 0.470265 0.248889 0.036482
14 0.500000 0.383308 0.829333 0.041979
36 0.833333 0.296352 0.162667 0.041979
36 0.833333 0.470265 0.162667 0.041979
14 0.500000 0.470265 0.829333 0.041979
14 0.257778 0.950025 0.238222 0.036482
12 0.208000 0.296352 0.245333 0.036482
10 0.500000 0.840330 0.357333 0.007496
36 0.833333 0.644178 0.162667 0.041979
12 0.260444 0.383308 0.350222 0.036482
12 0.223111 0.782109 0.275556 0.036482
34 0.500000 0.928036 1.000000 0.143928
17 0.500000 0.172914 1.000000 0.159920
14 0.285778 0.866067 0.294222 0.036482
12 0.223556 0.644178 0.276444 0.036482
36 0.833333 0.557221 0.162667 0.041979
14 0.500000 0.296352 0.829333 0.041979
36 0.833333 0.383308 0.162667 0.041979
14 0.500000 0.644178 0.829333 0.041979
14 0.500000 0.557221 0.829333 0.041979
12 0.232444 0.557221 0.294222 0.036482
