14 0.263556 0.737381 0.356444 0.077461
12 0.263556 0.722889 0.356444 0.036482
28 0.500000 0.215142 0.914667 0.046477
14 0.209778 0.971764 0.248889 0.056472
14 0.223556 0.614943 0.276444 0.077461
12 0.217778 0.478011 0.264889 0.036482
12 0.209778 0.967766 0.248889 0.036482
14 0.217778 0.492504 0.264889 0.077461
12 0.208000 0.355572 0.245333 0.036482
12 0.152000 0.512244 0.133333 0.025987
14 0.214667 0.859820 0.258667 0.077461
12 0.188444 0.634683 0.206222 0.025987
12 0.180444 0.757121 0.190222 0.025987
12 0.214667 0.845327 0.258667 0.036482
14 0.208000 0.370065 0.245333 0.077461
12 0.223556 0.600450 0.276444 0.036482
12 0.176444 0.994503 0.182222 0.010995
12 0.119111 0.389805 0.067556 0.025987
12 0.182667 0.879560 0.194667 0.025987
17 0.500000 0.133433 1.000000 0.080960
