12 0.166243 0.651702 0.200170 0.020344
12 0.767600 0.651702 0.137405 0.042645
12 0.490670 0.651702 0.216285 0.042645
4 0.500000 0.438429 0.285835 0.130966
11 0.183630 0.592087 0.245123 0.084800
11 0.500000 0.268535 0.245123 0.084800
11 0.500000 0.424736 0.245123 0.084800
17 0.500000 0.135368 1.000000 0.125196
12 0.780322 0.328149 0.162850 0.020344
12 0.153944 0.328149 0.175573 0.020344
11 0.183630 0.268535 0.245123 0.084800
4 0.183630 0.605781 0.285835 0.130966
12 0.806192 0.484351 0.214589 0.020344
4 0.816370 0.605781 0.285835 0.153267
18 0.500000 0.707355 1.000000 0.011737
12 0.134860 0.484351 0.137405 0.042645
11 0.816370 0.268535 0.245123 0.084800
4 0.500000 0.605781 0.285835 0.153267
11 0.816370 0.580937 0.245123 0.084800
12 0.476251 0.484351 0.187447 0.020344
4 0.816370 0.282228 0.285835 0.130966
11 0.500000 0.580937 0.245123 0.084800
11 0.183630 0.413586 0.245123 0.084800
4 0.816370 0.438429 0.285835 0.130966
4 0.500000 0.282228 0.285835 0.130966
4 0.183630 0.438429 0.285835 0.153267
4 0.183630 0.282228 0.285835 0.130966
11 0.816370 0.424736 0.245123 0.084800
12 0.475827 0.328149 0.186599 0.020344
