17 0.500000 0.231134 1.000000 0.126437
12 0.418667 0.432784 0.520889 0.036482
12 0.501333 0.838081 0.112889 0.025987
12 0.384444 0.528736 0.452444 0.036482
37 0.500000 0.838081 1.000000 0.065967
12 0.410222 0.816592 0.504000 0.036482
14 0.500000 0.639180 1.000000 0.083958
34 0.500000 0.910045 1.000000 0.077961
12 0.149778 0.192154 0.214222 0.048476
12 0.431111 0.336832 0.545778 0.036482
12 0.421333 0.720640 0.526222 0.036482
32 0.500000 0.130435 1.000000 0.074963
14 0.500000 0.543228 1.000000 0.083958
14 0.500000 0.447276 1.000000 0.083958
14 0.500000 0.351324 1.000000 0.083958
25 0.500000 0.261369 1.000000 0.065967
12 0.378222 0.624688 0.440000 0.036482
14 0.500000 0.831084 1.000000 0.083958
14 0.500000 0.735132 1.000000 0.083958
