4 0.815556 0.535670 0.283556 0.160545
12 0.490222 0.783733 0.210667 0.025987
11 0.500000 0.710957 0.240889 0.101574
4 0.184444 0.728448 0.283556 0.160545
4 0.500000 0.728448 0.283556 0.160545
12 0.441778 0.590955 0.113778 0.025987
11 0.184444 0.339643 0.240889 0.101574
4 0.815556 0.728448 0.283556 0.189030
17 0.500000 0.172914 1.000000 0.159920
4 0.184444 0.357134 0.283556 0.160545
12 0.812889 0.590955 0.224889 0.025987
12 0.472000 0.412419 0.174222 0.025987
11 0.184444 0.710957 0.240889 0.101574
11 0.815556 0.518178 0.240889 0.101574
4 0.815556 0.357134 0.283556 0.160545
11 0.500000 0.339643 0.240889 0.101574
18 0.500000 0.855572 1.000000 0.014993
11 0.500000 0.518178 0.240889 0.101574
4 0.500000 0.535670 0.283556 0.160545
4 0.500000 0.357134 0.283556 0.160545
11 0.815556 0.696714 0.240889 0.101574
4 0.184444 0.535670 0.283556 0.160545
12 0.161333 0.412419 0.184000 0.025987
12 0.155111 0.590955 0.171556 0.025987
12 0.156444 0.783733 0.174222 0.025987
12 0.763556 0.783733 0.126222 0.054473
12 0.744444 0.412419 0.088000 0.025987
11 0.184444 0.518178 0.240889 0.101574
11 0.815556 0.339643 0.240889 0.101574
