12 0.196889 0.478011 0.223111 0.036482
12 0.189778 0.879560 0.208889 0.025987
12 0.175556 0.967766 0.180444 0.036482
17 0.500000 0.133433 1.000000 0.080960
14 0.248889 0.737381 0.327111 0.077461
12 0.216000 0.994503 0.261333 0.010995
14 0.196889 0.492504 0.223111 0.077461
12 0.247111 0.845327 0.323556 0.036482
14 0.216000 0.971764 0.261333 0.056472
12 0.145333 0.389805 0.120000 0.025987
12 0.208000 0.355572 0.245333 0.036482
14 0.208000 0.370065 0.245333 0.077461
28 0.500000 0.215142 0.914667 0.046477
12 0.176444 0.634683 0.182222 0.025987
12 0.248889 0.722889 0.327111 0.036482
14 0.240889 0.614943 0.311111 0.077461
14 0.247111 0.859820 0.323556 0.077461
12 0.144444 0.512244 0.118222 0.025987
12 0.184444 0.757121 0.198222 0.025987
12 0.240889 0.600450 0.311111 0.036482
