4 0.183630 0.460730 0.285835 0.130966
4 0.500000 0.293378 0.285835 0.130966
12 0.475827 0.339300 0.186599 0.020344
12 0.807040 0.506651 0.216285 0.042645
4 0.183630 0.628081 0.285835 0.153267
12 0.173452 0.506651 0.214589 0.020344
11 0.500000 0.447036 0.245123 0.084800
11 0.183630 0.603237 0.245123 0.084800
17 0.500000 0.135368 1.000000 0.125196
12 0.486853 0.506651 0.208651 0.020344
4 0.816370 0.293378 0.285835 0.153267
11 0.183630 0.447036 0.245123 0.084800
12 0.142494 0.674002 0.152672 0.042645
12 0.790500 0.339300 0.183206 0.042645
11 0.816370 0.435886 0.245123 0.084800
11 0.500000 0.279685 0.245123 0.084800
4 0.816370 0.460730 0.285835 0.153267
11 0.816370 0.268535 0.245123 0.084800
4 0.183630 0.293378 0.285835 0.130966
11 0.183630 0.279685 0.245123 0.084800
12 0.153944 0.339300 0.175573 0.020344
4 0.500000 0.460730 0.285835 0.130966
18 0.500000 0.729656 1.000000 0.011737
