12 0.168000 0.797101 0.165333 0.025987
14 0.248889 0.991754 0.327111 0.016492
14 0.222667 0.287606 0.274667 0.077461
14 0.269778 0.777361 0.368889 0.077461
14 0.247556 0.532484 0.324444 0.077461
12 0.236444 0.885307 0.302222 0.036482
12 0.240444 0.640430 0.310222 0.036482
37 0.500000 0.915792 1.000000 0.066467
12 0.189778 0.674663 0.208889 0.025987
14 0.236444 0.899800 0.302222 0.077461
26 0.504889 0.915792 0.177778 0.036482
12 0.269778 0.762869 0.368889 0.036482
12 0.145333 0.429785 0.120000 0.025987
12 0.248889 0.994753 0.327111 0.010495
14 0.248000 0.410045 0.325333 0.077461
12 0.247556 0.517991 0.324444 0.036482
12 0.204889 0.919540 0.239111 0.025987
17 0.500000 0.133433 1.000000 0.080960
12 0.137778 0.552224 0.104889 0.025987
12 0.208000 0.273113 0.245333 0.036482
26 0.144444 0.915792 0.203556 0.036482
26 0.860444 0.915792 0.193778 0.036482
12 0.248000 0.395552 0.325333 0.036482
12 0.222667 0.307346 0.274667 0.025987
14 0.240444 0.654923 0.310222 0.077461
