17 0.500000 0.135368 1.000000 0.125196
12 0.212892 0.408059 0.262935 0.028560
14 0.226887 0.843505 0.290925 0.028560
14 0.203138 0.777778 0.243427 0.028560
36 0.840967 0.232003 0.155216 0.032864
12 0.198473 0.232003 0.234097 0.028560
14 0.500000 0.300078 0.837150 0.032864
12 0.223494 0.300078 0.284139 0.028560
34 0.500000 0.943662 1.000000 0.112676
10 0.500000 0.875000 0.340967 0.005869
14 0.204835 0.712050 0.246819 0.028560
14 0.286684 0.473787 0.308736 0.028560
8 0.287108 0.605243 0.309584 0.028560
14 0.287108 0.605243 0.309584 0.028560
14 0.287532 0.539515 0.310433 0.028560
14 0.500000 0.232003 0.837150 0.032864
36 0.840967 0.300078 0.155216 0.032864
