39 0.220950 0.944836 0.360475 0.044601
14 0.491094 0.077660 0.982188 0.061424
14 0.491094 0.324922 0.982188 0.061424
14 0.491094 0.633998 0.982188 0.061424
38 0.741730 0.161581 0.272265 0.041471
24 0.991094 0.082160 0.017812 0.070423
14 0.491094 0.448552 0.982188 0.061424
32 0.500000 0.023474 1.000000 0.046948
14 0.491094 0.201291 0.982188 0.061424
14 0.491094 0.572183 0.982188 0.061424
14 0.491094 0.386737 0.982188 0.061424
14 0.491094 0.139476 0.982188 0.061424
14 0.491094 0.510368 0.982188 0.061424
14 0.491094 0.263106 0.982188 0.061424
12 0.113232 0.026995 0.104326 0.021127
