14 0.500000 0.435837 0.837150 0.032864
36 0.840967 0.299687 0.155216 0.032864
14 0.245123 0.677621 0.225615 0.028560
14 0.262087 0.743349 0.259542 0.028560
14 0.189567 0.981612 0.216285 0.028560
14 0.154368 0.915884 0.145886 0.028560
36 0.840967 0.367762 0.155216 0.032864
34 0.500000 0.943662 1.000000 0.112676
8 0.307464 0.809077 0.350297 0.028560
14 0.500000 0.231612 0.837150 0.032864
12 0.212892 0.611894 0.262935 0.028560
14 0.500000 0.367762 0.837150 0.032864
10 0.500000 0.875000 0.340967 0.005869
36 0.840967 0.435837 0.155216 0.032864
12 0.223070 0.367762 0.283291 0.028560
12 0.198473 0.231612 0.234097 0.028560
12 0.199746 0.435837 0.236641 0.028560
14 0.307464 0.809077 0.350297 0.028560
12 0.228159 0.503912 0.293469 0.028560
36 0.840967 0.503912 0.155216 0.032864
36 0.840967 0.231612 0.155216 0.032864
14 0.500000 0.299687 0.837150 0.032864
12 0.203138 0.299687 0.243427 0.028560
14 0.500000 0.503912 0.837150 0.032864
17 0.500000 0.135172 1.000000 0.124804
