26 0.855556 0.915792 0.203556 0.036482
12 0.132000 0.797101 0.093333 0.025987
14 0.244000 0.777361 0.317333 0.077461
12 0.233778 0.640430 0.296889 0.036482
37 0.500000 0.915792 1.000000 0.066467
14 0.258667 0.991754 0.346667 0.016492
12 0.244000 0.762869 0.317333 0.036482
12 0.156444 0.919540 0.142222 0.025987
14 0.254667 0.410045 0.338667 0.077461
14 0.270222 0.899800 0.369778 0.077461
12 0.174222 0.429785 0.177778 0.025987
12 0.254667 0.395552 0.338667 0.036482
12 0.270222 0.885307 0.369778 0.036482
12 0.258667 0.994753 0.346667 0.010495
12 0.228889 0.552224 0.287111 0.025987
14 0.229778 0.287606 0.288889 0.077461
12 0.208000 0.273113 0.245333 0.036482
14 0.228889 0.532484 0.287111 0.077461
26 0.164889 0.915792 0.244444 0.036482
12 0.181778 0.517991 0.192889 0.036482
12 0.140889 0.674663 0.111111 0.025987
17 0.500000 0.133433 1.000000 0.080960
14 0.233778 0.654923 0.296889 0.077461
12 0.229778 0.307346 0.288889 0.025987
