37 0.500000 0.934077 1.000000 0.052034
12 0.174724 0.597222 0.186599 0.028560
12 0.140797 0.240610 0.118745 0.020344
12 0.128075 0.432316 0.093299 0.020344
12 0.205259 0.405516 0.247668 0.028560
14 0.181086 0.608568 0.199321 0.060642
14 0.205259 0.416862 0.247668 0.060642
26 0.883376 0.934077 0.151824 0.028560
14 0.168787 0.512715 0.174724 0.060642
17 0.500000 0.104460 1.000000 0.063380
26 0.131891 0.934077 0.182358 0.028560
12 0.198473 0.213811 0.234097 0.028560
14 0.198473 0.225156 0.234097 0.060642
12 0.168787 0.501369 0.174724 0.028560
12 0.209500 0.309664 0.256149 0.028560
14 0.209500 0.321009 0.256149 0.060642
12 0.166243 0.336463 0.169635 0.020344
12 0.142494 0.528169 0.122137 0.020344
12 0.181086 0.624022 0.199321 0.020344
