12 0.193778 0.512244 0.216889 0.025987
14 0.250222 0.614943 0.329778 0.077461
12 0.179111 0.634683 0.187556 0.025987
14 0.219556 0.971764 0.268444 0.056472
12 0.199111 0.478011 0.227556 0.036482
14 0.199111 0.492504 0.227556 0.077461
12 0.208000 0.355572 0.245333 0.036482
12 0.190222 0.845327 0.209778 0.036482
12 0.219556 0.967766 0.268444 0.036482
12 0.233778 0.722889 0.296889 0.036482
12 0.184444 0.757121 0.198222 0.025987
17 0.500000 0.133433 1.000000 0.080960
14 0.214667 0.859820 0.258667 0.077461
12 0.214667 0.994503 0.258667 0.010995
12 0.123556 0.389805 0.076444 0.025987
14 0.233778 0.737381 0.296889 0.077461
28 0.500000 0.215142 0.914667 0.046477
12 0.250222 0.600450 0.329778 0.036482
14 0.208000 0.370065 0.245333 0.077461
12 0.214667 0.879560 0.258667 0.025987
