10 0.500000 0.875000 0.340967 0.005869
14 0.500000 0.300078 0.837150 0.032864
14 0.189143 0.646322 0.215437 0.028560
36 0.840967 0.300078 0.155216 0.032864
12 0.212892 0.408059 0.262935 0.028560
14 0.500000 0.232003 0.837150 0.032864
36 0.840967 0.232003 0.155216 0.032864
17 0.500000 0.135368 1.000000 0.125196
12 0.198473 0.232003 0.234097 0.028560
14 0.195505 0.580595 0.228159 0.028560
14 0.174724 0.909233 0.186599 0.028560
14 0.217557 0.777778 0.272265 0.028560
34 0.500000 0.943662 1.000000 0.112676
14 0.226887 0.843505 0.290925 0.028560
14 0.213316 0.712050 0.263783 0.028560
14 0.230704 0.514867 0.298558 0.028560
12 0.289228 0.300078 0.415606 0.028560
8 0.500000 0.408059 0.837150 0.028560
