11 0.184444 0.546664 0.240889 0.101574
4 0.500000 0.371377 0.283556 0.160545
4 0.184444 0.756934 0.283556 0.189030
11 0.184444 0.353886 0.240889 0.101574
11 0.815556 0.339643 0.240889 0.101574
4 0.815556 0.564155 0.283556 0.160545
4 0.500000 0.564155 0.283556 0.160545
12 0.776444 0.426662 0.152000 0.054473
18 0.500000 0.884058 1.000000 0.014993
11 0.815556 0.546664 0.240889 0.101574
12 0.500000 0.426662 0.230222 0.025987
12 0.135556 0.812219 0.132444 0.054473
11 0.500000 0.546664 0.240889 0.101574
12 0.482667 0.619440 0.195556 0.025987
17 0.500000 0.172914 1.000000 0.159920
4 0.184444 0.564155 0.283556 0.160545
11 0.500000 0.353886 0.240889 0.101574
4 0.815556 0.371377 0.283556 0.189030
4 0.184444 0.371377 0.283556 0.160545
12 0.161333 0.426662 0.184000 0.025987
11 0.184444 0.725200 0.240889 0.101574
12 0.792444 0.619440 0.184000 0.025987
12 0.113333 0.619440 0.088000 0.025987
