12 0.152444 0.512244 0.134222 0.025987
12 0.237778 0.967766 0.304889 0.036482
14 0.234222 0.859820 0.297778 0.077461
12 0.260444 0.600450 0.350222 0.036482
17 0.500000 0.133433 1.000000 0.080960
28 0.500000 0.215142 0.914667 0.046477
12 0.219111 0.389805 0.267556 0.025987
14 0.237778 0.971764 0.304889 0.056472
12 0.141333 0.757121 0.112000 0.025987
12 0.247556 0.722889 0.324444 0.036482
12 0.216000 0.879560 0.261333 0.025987
14 0.247556 0.737381 0.324444 0.077461
12 0.137778 0.994503 0.104889 0.010995
14 0.260444 0.614943 0.350222 0.077461
14 0.241333 0.492504 0.312000 0.077461
12 0.241333 0.478011 0.312000 0.036482
12 0.140889 0.634683 0.111111 0.025987
12 0.234222 0.845327 0.297778 0.036482
12 0.208000 0.355572 0.245333 0.036482
14 0.219111 0.370065 0.267556 0.077461
