12 0.770992 0.714397 0.295165 0.028560
12 0.752332 0.648670 0.332485 0.028560
14 0.500000 0.406886 0.837150 0.032864
35 0.500000 0.230829 0.837150 0.029343
14 0.500000 0.338811 0.837150 0.032864
14 0.801527 0.582942 0.234097 0.028560
12 0.754029 0.406886 0.329092 0.028560
14 0.770992 0.714397 0.295165 0.028560
12 0.801527 0.582942 0.234097 0.028560
14 0.500000 0.474961 0.837150 0.032864
36 0.159033 0.406886 0.155216 0.032864
17 0.500000 0.135368 1.000000 0.125196
12 0.742578 0.474961 0.351993 0.028560
14 0.832485 0.845853 0.172180 0.028560
36 0.159033 0.338811 0.155216 0.032864
14 0.752332 0.648670 0.332485 0.028560
12 0.771841 0.780125 0.293469 0.028560
21 0.500000 0.893192 0.898219 0.058685
14 0.771841 0.780125 0.293469 0.028560
12 0.832485 0.845853 0.172180 0.028560
12 0.754877 0.338811 0.327396 0.028560
36 0.159033 0.474961 0.155216 0.032864
