11 0.650424 0.145540 0.699152 0.187793
12 0.406022 0.269953 0.210348 0.032864
30 0.150000 0.500000 0.300000 1.000000
14 0.150000 0.612872 0.300000 0.113067
14 0.150000 0.236894 0.300000 0.082551
12 0.160305 0.612872 0.066158 0.089593
14 0.150000 0.515063 0.300000 0.082551
12 0.158185 0.154343 0.061917 0.059077
12 0.164546 0.236894 0.074640 0.059077
12 0.125530 0.056534 0.251060 0.113067
12 0.639695 0.330008 0.677693 0.059077
12 0.161578 0.515063 0.068702 0.059077
12 0.164122 0.417254 0.073791 0.089593
14 0.150000 0.319444 0.300000 0.082551
14 0.150000 0.417254 0.300000 0.113067
14 0.150000 0.154343 0.300000 0.082551
12 0.162850 0.319444 0.071247 0.059077
