12 0.162002 0.478286 0.069550 0.089593
14 0.150000 0.282668 0.300000 0.113067
14 0.150000 0.802230 0.300000 0.082551
12 0.639695 0.330008 0.677693 0.059077
12 0.158609 0.591354 0.062765 0.089593
14 0.150000 0.591354 0.300000 0.113067
11 0.650424 0.145540 0.699152 0.187793
12 0.160305 0.282668 0.066158 0.089593
14 0.150000 0.380477 0.300000 0.082551
12 0.158185 0.380477 0.061917 0.059077
30 0.150000 0.500000 0.300000 1.000000
14 0.150000 0.704421 0.300000 0.113067
12 0.443766 0.269953 0.285835 0.032864
12 0.164546 0.802230 0.074640 0.059077
14 0.150000 0.169601 0.300000 0.113067
14 0.150000 0.478286 0.300000 0.113067
12 0.125530 0.056534 0.251060 0.113067
12 0.164122 0.169601 0.073791 0.089593
12 0.164122 0.704421 0.073791 0.089593
