12 0.794317 0.328149 0.190840 0.020344
11 0.183630 0.580937 0.245123 0.084800
11 0.500000 0.413586 0.245123 0.084800
12 0.153944 0.328149 0.175573 0.020344
4 0.816370 0.594630 0.285835 0.130966
4 0.500000 0.594630 0.285835 0.130966
4 0.183630 0.282228 0.285835 0.130966
4 0.183630 0.438429 0.285835 0.153267
4 0.500000 0.282228 0.285835 0.130966
11 0.183630 0.268535 0.245123 0.084800
11 0.816370 0.268535 0.245123 0.084800
11 0.500000 0.580937 0.245123 0.084800
11 0.816370 0.580937 0.245123 0.084800
18 0.500000 0.685055 1.000000 0.011737
12 0.789228 0.484351 0.180662 0.020344
4 0.500000 0.438429 0.285835 0.153267
12 0.157761 0.640552 0.183206 0.020344
12 0.475827 0.640552 0.186599 0.020344
12 0.786684 0.640552 0.175573 0.020344
17 0.500000 0.135368 1.000000 0.125196
12 0.450382 0.484351 0.135708 0.042645
4 0.816370 0.282228 0.285835 0.130966
4 0.183630 0.594630 0.285835 0.130966
12 0.475827 0.328149 0.186599 0.020344
11 0.500000 0.268535 0.245123 0.084800
12 0.134436 0.484351 0.136556 0.042645
11 0.183630 0.413586 0.245123 0.084800
4 0.816370 0.438429 0.285835 0.130966
11 0.816370 0.424736 0.245123 0.084800
