14 0.254029 0.607199 0.243427 0.028560
12 0.136556 0.299687 0.110263 0.028560
12 0.175148 0.367762 0.187447 0.028560
12 0.198473 0.231612 0.234097 0.028560
36 0.840967 0.299687 0.155216 0.032864
36 0.840967 0.367762 0.155216 0.032864
34 0.500000 0.943662 1.000000 0.112676
14 0.500000 0.231612 0.837150 0.032864
17 0.500000 0.135172 1.000000 0.124804
14 0.248516 0.845462 0.334182 0.028560
14 0.500000 0.299687 0.837150 0.032864
8 0.304071 0.672926 0.343511 0.028560
14 0.204411 0.911189 0.245971 0.028560
14 0.304071 0.672926 0.343511 0.028560
10 0.500000 0.875000 0.340967 0.005869
14 0.245971 0.779734 0.329092 0.028560
14 0.500000 0.367762 0.837150 0.032864
14 0.240882 0.541471 0.217133 0.028560
12 0.212892 0.475743 0.262935 0.028560
36 0.840967 0.231612 0.155216 0.032864
