12 0.204835 0.368153 0.246819 0.028560
36 0.840967 0.368153 0.155216 0.032864
36 0.840967 0.232003 0.155216 0.032864
12 0.198473 0.232003 0.234097 0.028560
14 0.223070 0.582942 0.283291 0.028560
14 0.500000 0.300078 0.837150 0.032864
12 0.218405 0.300078 0.273961 0.028560
14 0.218405 0.845853 0.273961 0.028560
36 0.840967 0.300078 0.155216 0.032864
34 0.500000 0.943662 1.000000 0.112676
8 0.500000 0.476135 0.837150 0.028560
14 0.500000 0.368153 0.837150 0.032864
10 0.500000 0.875000 0.340967 0.005869
14 0.211196 0.977308 0.259542 0.028560
14 0.209500 0.648670 0.256149 0.028560
12 0.212892 0.476135 0.262935 0.028560
14 0.223070 0.780125 0.283291 0.028560
17 0.500000 0.135368 1.000000 0.125196
14 0.204411 0.911581 0.245971 0.028560
14 0.154368 0.714397 0.145886 0.028560
14 0.500000 0.232003 0.837150 0.032864
