4 0.815556 0.549913 0.283556 0.160545
12 0.451111 0.812219 0.132444 0.054473
11 0.500000 0.725200 0.240889 0.101574
4 0.500000 0.756934 0.283556 0.189030
4 0.184444 0.756934 0.283556 0.189030
12 0.497333 0.605197 0.224889 0.025987
11 0.184444 0.339643 0.240889 0.101574
17 0.500000 0.172914 1.000000 0.159920
4 0.184444 0.357134 0.283556 0.160545
12 0.804000 0.605197 0.207111 0.025987
12 0.473333 0.412419 0.176889 0.025987
11 0.184444 0.725200 0.240889 0.101574
11 0.815556 0.532421 0.240889 0.101574
4 0.815556 0.357134 0.283556 0.160545
11 0.500000 0.339643 0.240889 0.101574
18 0.500000 0.884058 1.000000 0.014993
11 0.500000 0.532421 0.240889 0.101574
4 0.500000 0.549913 0.283556 0.160545
4 0.500000 0.357134 0.283556 0.160545
11 0.815556 0.339643 0.240889 0.101574
12 0.161333 0.412419 0.184000 0.025987
4 0.184444 0.549913 0.283556 0.189030
12 0.795111 0.412419 0.189333 0.025987
12 0.145333 0.812219 0.152000 0.054473
12 0.141333 0.605197 0.144000 0.054473
11 0.184444 0.518178 0.240889 0.101574
