4 0.263333 0.880528 0.441333 0.227074
11 0.736667 0.863037 0.398667 0.168103
11 0.736667 0.617972 0.398667 0.168103
12 0.638667 0.724013 0.192000 0.025987
11 0.263333 0.372907 0.398667 0.168103
4 0.263333 0.635464 0.441333 0.227074
12 0.161333 0.478948 0.184000 0.025987
4 0.263333 0.390399 0.441333 0.227074
4 0.736667 0.880528 0.441333 0.227074
11 0.263333 0.863037 0.398667 0.168103
12 0.637333 0.969078 0.189333 0.025987
12 0.153333 0.724013 0.168000 0.025987
12 0.167556 0.969078 0.196444 0.025987
17 0.500000 0.172914 1.000000 0.159920
4 0.736667 0.635464 0.441333 0.227074
11 0.736667 0.372907 0.398667 0.168103
12 0.678667 0.478948 0.272000 0.025987
4 0.736667 0.390399 0.441333 0.227074
11 0.263333 0.617972 0.398667 0.168103
