12 0.801527 0.582942 0.234097 0.028560
14 0.801527 0.582942 0.234097 0.028560
14 0.500000 0.406886 0.837150 0.032864
14 0.775657 0.845853 0.285835 0.028560
35 0.500000 0.230829 0.837150 0.029343
12 0.775657 0.845853 0.285835 0.028560
17 0.500000 0.135368 1.000000 0.125196
12 0.789228 0.338811 0.258694 0.028560
36 0.159033 0.338811 0.155216 0.032864
36 0.159033 0.406886 0.155216 0.032864
14 0.500000 0.338811 0.837150 0.032864
12 0.810857 0.714397 0.215437 0.028560
14 0.774385 0.780125 0.288380 0.028560
14 0.776081 0.648670 0.284987 0.028560
14 0.810857 0.714397 0.215437 0.028560
36 0.159033 0.474961 0.155216 0.032864
21 0.500000 0.893192 0.898219 0.058685
12 0.776930 0.474961 0.283291 0.028560
12 0.774385 0.780125 0.288380 0.028560
12 0.748092 0.406886 0.340967 0.028560
14 0.500000 0.474961 0.837150 0.032864
12 0.776081 0.648670 0.284987 0.028560
