8 0.289778 0.773113 0.302222 0.036482
17 0.500000 0.172914 1.000000 0.159920
14 0.289778 0.773113 0.302222 0.036482
34 0.500000 0.928036 1.000000 0.143928
12 0.269778 0.383308 0.368889 0.036482
12 0.223111 0.521239 0.275556 0.036482
14 0.323556 0.689155 0.369778 0.036482
14 0.294667 0.605197 0.312000 0.036482
14 0.244000 0.987631 0.317333 0.024738
14 0.500000 0.383308 0.829333 0.041979
36 0.833333 0.383308 0.162667 0.041979
36 0.833333 0.296352 0.162667 0.041979
10 0.500000 0.840330 0.357333 0.007496
14 0.500000 0.296352 0.829333 0.041979
14 0.175556 0.909545 0.180444 0.036482
12 0.208000 0.296352 0.245333 0.036482
