14 0.265055 0.539515 0.265479 0.028560
17 0.500000 0.135368 1.000000 0.125196
14 0.500000 0.232003 0.837150 0.032864
14 0.212044 0.909233 0.261238 0.028560
34 0.500000 0.943662 1.000000 0.112676
14 0.207803 0.843505 0.252757 0.028560
12 0.198473 0.232003 0.234097 0.028560
14 0.131043 0.777778 0.099237 0.028560
36 0.840967 0.300078 0.155216 0.032864
14 0.500000 0.300078 0.837150 0.032864
8 0.189992 0.605243 0.115352 0.028560
14 0.189992 0.605243 0.115352 0.028560
12 0.248516 0.300078 0.334182 0.028560
12 0.212892 0.408059 0.262935 0.028560
36 0.840967 0.232003 0.155216 0.032864
14 0.153096 0.974961 0.143342 0.028560
14 0.251060 0.473787 0.237489 0.028560
14 0.243003 0.712050 0.323155 0.028560
10 0.500000 0.875000 0.340967 0.005869
