12 0.233333 0.722889 0.296000 0.036482
14 0.183556 0.971764 0.196444 0.056472
14 0.209333 0.614943 0.248000 0.077461
12 0.184444 0.512244 0.198222 0.025987
12 0.183111 0.634683 0.195556 0.025987
12 0.204000 0.757121 0.237333 0.025987
12 0.189778 0.389805 0.208889 0.025987
12 0.183556 0.967766 0.196444 0.036482
17 0.500000 0.133433 1.000000 0.080960
12 0.149333 0.994503 0.128000 0.010995
12 0.208000 0.355572 0.245333 0.036482
14 0.208000 0.370065 0.245333 0.077461
14 0.233333 0.737381 0.296000 0.077461
28 0.500000 0.215142 0.914667 0.046477
12 0.212444 0.478011 0.254222 0.036482
14 0.212444 0.492504 0.254222 0.077461
12 0.183556 0.845327 0.196444 0.036482
14 0.183556 0.859820 0.196444 0.077461
12 0.209333 0.600450 0.248000 0.036482
12 0.182667 0.879560 0.194667 0.025987
