14 0.208000 0.287606 0.245333 0.077461
26 0.650222 0.915792 0.189333 0.036482
37 0.500000 0.915792 1.000000 0.066467
26 0.156889 0.915792 0.228444 0.036482
12 0.208000 0.273113 0.245333 0.036482
12 0.250222 0.395552 0.329778 0.036482
14 0.269778 0.777361 0.368889 0.077461
12 0.184000 0.797101 0.197333 0.025987
12 0.118667 0.307346 0.066667 0.025987
26 0.413333 0.915792 0.177778 0.036482
12 0.132444 0.429785 0.094222 0.025987
14 0.228000 0.654923 0.285333 0.077461
12 0.228000 0.640430 0.285333 0.036482
14 0.252444 0.532484 0.334222 0.077461
12 0.252444 0.517991 0.334222 0.036482
12 0.181333 0.674663 0.192000 0.025987
12 0.269778 0.762869 0.368889 0.036482
12 0.176444 0.552224 0.182222 0.025987
26 0.877778 0.915792 0.159111 0.036482
17 0.500000 0.133433 1.000000 0.080960
14 0.250222 0.410045 0.329778 0.077461
