14 0.222222 0.532484 0.273778 0.077461
12 0.222222 0.517991 0.273778 0.036482
12 0.216889 0.919540 0.263111 0.025987
14 0.190222 0.654923 0.209778 0.077461
14 0.232444 0.991754 0.294222 0.016492
12 0.185333 0.429785 0.200000 0.025987
37 0.500000 0.915792 1.000000 0.066467
26 0.138222 0.915792 0.191111 0.036482
14 0.257778 0.410045 0.344889 0.077461
12 0.208000 0.273113 0.245333 0.036482
12 0.147111 0.797101 0.123556 0.025987
12 0.134222 0.552224 0.097778 0.025987
14 0.231111 0.287606 0.291556 0.077461
26 0.473333 0.915792 0.203556 0.036482
12 0.190222 0.885307 0.209778 0.036482
12 0.232444 0.994753 0.294222 0.010495
12 0.250222 0.762869 0.329778 0.036482
14 0.216889 0.899800 0.263111 0.077461
12 0.257778 0.395552 0.344889 0.036482
12 0.190222 0.674663 0.209778 0.025987
26 0.835111 0.915792 0.244444 0.036482
12 0.231111 0.307346 0.291556 0.025987
12 0.175556 0.640430 0.180444 0.036482
14 0.250222 0.777361 0.329778 0.077461
17 0.500000 0.133433 1.000000 0.080960
