14 0.245123 0.981612 0.327396 0.028560
36 0.840967 0.503912 0.155216 0.032864
8 0.269296 0.809077 0.273961 0.028560
12 0.210772 0.367762 0.258694 0.028560
14 0.213316 0.915884 0.263783 0.028560
12 0.230704 0.435837 0.298558 0.028560
14 0.313401 0.677621 0.362171 0.028560
12 0.212892 0.611894 0.262935 0.028560
14 0.500000 0.299687 0.837150 0.032864
14 0.277778 0.743349 0.290925 0.028560
12 0.234521 0.299687 0.306192 0.028560
12 0.199746 0.503912 0.236641 0.028560
14 0.500000 0.503912 0.837150 0.032864
36 0.840967 0.231612 0.155216 0.032864
14 0.500000 0.231612 0.837150 0.032864
36 0.840967 0.435837 0.155216 0.032864
14 0.269296 0.809077 0.273961 0.028560
36 0.840967 0.367762 0.155216 0.032864
17 0.500000 0.135172 1.000000 0.124804
10 0.500000 0.875000 0.340967 0.005869
14 0.500000 0.367762 0.837150 0.032864
12 0.198473 0.231612 0.234097 0.028560
36 0.840967 0.299687 0.155216 0.032864
34 0.500000 0.943662 1.000000 0.112676
14 0.500000 0.435837 0.837150 0.032864
