12 0.789333 0.519740 0.250667 0.036482
12 0.792000 0.657671 0.245333 0.036482
21 0.500000 0.863568 0.893333 0.074963
36 0.166667 0.432784 0.162667 0.041979
36 0.166667 0.519740 0.162667 0.041979
35 0.500000 0.294853 0.829333 0.037481
12 0.765778 0.987631 0.297778 0.024738
14 0.790222 0.825587 0.248889 0.036482
14 0.758222 0.741629 0.312889 0.036482
17 0.500000 0.172914 1.000000 0.159920
14 0.500000 0.432784 0.829333 0.041979
12 0.790222 0.825587 0.248889 0.036482
12 0.766222 0.909545 0.296889 0.036482
14 0.500000 0.519740 0.829333 0.041979
14 0.765778 0.987631 0.297778 0.024738
12 0.758222 0.741629 0.312889 0.036482
14 0.792000 0.657671 0.245333 0.036482
14 0.766222 0.909545 0.296889 0.036482
12 0.787556 0.432784 0.254222 0.036482
