12 0.152000 0.919540 0.133333 0.025987
14 0.270222 0.410045 0.369778 0.077461
14 0.244000 0.654923 0.317333 0.077461
12 0.145333 0.307346 0.120000 0.025987
14 0.233778 0.899800 0.296889 0.077461
12 0.172000 0.552224 0.173333 0.025987
12 0.257778 0.762869 0.344889 0.036482
26 0.861778 0.915792 0.191111 0.036482
14 0.257778 0.777361 0.344889 0.077461
14 0.208000 0.287606 0.245333 0.077461
37 0.500000 0.915792 1.000000 0.066467
12 0.203556 0.517991 0.236444 0.036482
26 0.164889 0.915792 0.244444 0.036482
12 0.244000 0.640430 0.317333 0.036482
12 0.124444 0.797101 0.078222 0.025987
12 0.168000 0.674663 0.165333 0.025987
14 0.203556 0.532484 0.236444 0.077461
12 0.182667 0.429785 0.194667 0.025987
12 0.233778 0.885307 0.296889 0.036482
12 0.208000 0.273113 0.245333 0.036482
26 0.526667 0.915792 0.159111 0.036482
12 0.270222 0.395552 0.369778 0.036482
17 0.500000 0.133433 1.000000 0.080960
