12 0.153944 0.382874 0.175573 0.020344
17 0.500000 0.135368 1.000000 0.125196
11 0.737277 0.495672 0.403308 0.139525
4 0.737277 0.509365 0.444020 0.185691
4 0.262723 0.509365 0.444020 0.185691
11 0.737277 0.295897 0.403308 0.139525
4 0.737277 0.309590 0.444020 0.185691
12 0.191264 0.782424 0.250212 0.020344
18 0.500000 0.827074 1.000000 0.011737
4 0.262723 0.709140 0.444020 0.185691
11 0.262723 0.295897 0.403308 0.139525
11 0.262723 0.495672 0.403308 0.139525
11 0.262723 0.695447 0.403308 0.139525
4 0.262723 0.309590 0.444020 0.185691
12 0.163698 0.582649 0.195081 0.020344
12 0.662850 0.582649 0.244275 0.020344
12 0.595420 0.382874 0.109415 0.020344
