12 0.209333 0.600450 0.248000 0.036482
14 0.208000 0.370065 0.245333 0.077461
12 0.190222 0.722889 0.209778 0.036482
12 0.182667 0.634683 0.194667 0.025987
17 0.500000 0.133433 1.000000 0.080960
28 0.500000 0.215142 0.914667 0.046477
14 0.254667 0.971764 0.338667 0.056472
14 0.209333 0.614943 0.248000 0.077461
12 0.254667 0.967766 0.338667 0.036482
12 0.118667 0.994503 0.066667 0.010995
12 0.168000 0.879560 0.165333 0.025987
14 0.303111 0.859820 0.435556 0.077461
12 0.212889 0.478011 0.255111 0.036482
12 0.123556 0.389805 0.076444 0.025987
14 0.190222 0.737381 0.209778 0.077461
12 0.208000 0.355572 0.245333 0.036482
12 0.169333 0.757121 0.168000 0.025987
12 0.168889 0.512244 0.167111 0.025987
12 0.303111 0.845327 0.435556 0.036482
14 0.212889 0.492504 0.255111 0.077461
