37 0.500000 0.934077 1.000000 0.052034
26 0.131891 0.934077 0.182358 0.028560
26 0.842663 0.934077 0.233249 0.028560
14 0.257846 0.321009 0.352841 0.060642
12 0.218405 0.432316 0.273961 0.020344
17 0.500000 0.104460 1.000000 0.063380
14 0.205259 0.225156 0.247668 0.060642
12 0.164122 0.528169 0.165394 0.020344
12 0.257846 0.309664 0.352841 0.028560
12 0.198473 0.213811 0.234097 0.028560
12 0.126378 0.336463 0.089907 0.020344
14 0.223494 0.512715 0.284139 0.060642
12 0.205259 0.240610 0.247668 0.020344
12 0.223494 0.501369 0.284139 0.028560
12 0.189143 0.405516 0.215437 0.028560
14 0.218405 0.416862 0.273961 0.060642
