12 0.204889 0.307346 0.239111 0.025987
26 0.156889 0.915792 0.228444 0.036482
12 0.244000 0.994753 0.317333 0.010495
14 0.252444 0.777361 0.334222 0.077461
12 0.270222 0.395552 0.369778 0.036482
12 0.240444 0.517991 0.310222 0.036482
14 0.264000 0.899800 0.357333 0.077461
14 0.260444 0.654923 0.350222 0.077461
14 0.270222 0.410045 0.369778 0.077461
12 0.260444 0.674663 0.350222 0.025987
17 0.500000 0.133433 1.000000 0.080960
14 0.208000 0.287606 0.245333 0.077461
12 0.208000 0.273113 0.245333 0.036482
14 0.244000 0.991754 0.317333 0.016492
12 0.160444 0.919540 0.150222 0.025987
26 0.835111 0.915792 0.244444 0.036482
37 0.500000 0.915792 1.000000 0.066467
12 0.252444 0.762869 0.334222 0.036482
12 0.245333 0.429785 0.320000 0.025987
14 0.240444 0.532484 0.310222 0.077461
12 0.229778 0.797101 0.288889 0.025987
12 0.264000 0.885307 0.357333 0.036482
12 0.209333 0.640430 0.248000 0.036482
12 0.152444 0.552224 0.134222 0.025987
