36 0.840967 0.368153 0.155216 0.032864
14 0.500000 0.436228 0.837150 0.032864
34 0.500000 0.943662 1.000000 0.112676
12 0.212892 0.612285 0.262935 0.028560
36 0.840967 0.436228 0.155216 0.032864
12 0.200594 0.504304 0.238338 0.028560
14 0.189567 0.784820 0.216285 0.028560
12 0.289228 0.436228 0.415606 0.028560
10 0.500000 0.875000 0.340967 0.005869
14 0.240882 0.719092 0.318914 0.028560
14 0.500000 0.232003 0.837150 0.032864
36 0.840967 0.232003 0.155216 0.032864
12 0.229432 0.300078 0.296014 0.028560
12 0.198473 0.232003 0.234097 0.028560
36 0.840967 0.504304 0.155216 0.032864
14 0.500000 0.504304 0.837150 0.032864
14 0.500000 0.300078 0.837150 0.032864
14 0.195505 0.850548 0.228159 0.028560
14 0.500000 0.368153 0.837150 0.032864
8 0.500000 0.612285 0.837150 0.028560
12 0.173452 0.368153 0.184054 0.028560
36 0.840967 0.300078 0.155216 0.032864
17 0.500000 0.135368 1.000000 0.125196
