12 0.500000 0.426662 0.230222 0.025987
12 0.161333 0.426662 0.184000 0.025987
17 0.500000 0.172914 1.000000 0.159920
11 0.184444 0.560907 0.240889 0.101574
11 0.815556 0.560907 0.240889 0.101574
4 0.184444 0.578398 0.283556 0.160545
12 0.792000 0.633683 0.183111 0.025987
4 0.815556 0.371377 0.283556 0.189030
11 0.500000 0.353886 0.240889 0.101574
4 0.500000 0.371377 0.283556 0.160545
12 0.457778 0.633683 0.145778 0.054473
18 0.500000 0.705647 1.000000 0.014993
4 0.500000 0.578398 0.283556 0.189030
11 0.184444 0.353886 0.240889 0.101574
11 0.815556 0.339643 0.240889 0.101574
12 0.773778 0.426662 0.146667 0.054473
4 0.184444 0.371377 0.283556 0.160545
11 0.500000 0.546664 0.240889 0.101574
12 0.164889 0.633683 0.191111 0.025987
4 0.815556 0.578398 0.283556 0.160545
