14 0.214222 0.532484 0.257778 0.077461
12 0.269778 0.640430 0.368889 0.036482
12 0.152000 0.552224 0.133333 0.025987
12 0.214222 0.517991 0.257778 0.036482
12 0.181333 0.429785 0.192000 0.025987
12 0.123556 0.307346 0.076444 0.025987
12 0.259556 0.395552 0.348444 0.036482
12 0.208000 0.273113 0.245333 0.036482
12 0.192444 0.674663 0.214222 0.025987
14 0.269778 0.654923 0.368889 0.077461
14 0.259556 0.410045 0.348444 0.077461
14 0.208000 0.287606 0.245333 0.077461
37 0.500000 0.915792 1.000000 0.066467
26 0.122222 0.915792 0.159111 0.036482
17 0.500000 0.133433 1.000000 0.080960
26 0.457333 0.915792 0.177778 0.036482
26 0.835111 0.915792 0.244444 0.036482
