14 0.228889 0.988881 0.287111 0.022239
12 0.208000 0.295852 0.245333 0.036482
10 0.500000 0.840330 0.357333 0.007496
12 0.214222 0.382809 0.257778 0.036482
14 0.213778 0.859570 0.150222 0.036482
36 0.833333 0.382809 0.162667 0.041979
14 0.500000 0.469765 0.829333 0.041979
36 0.833333 0.295852 0.162667 0.041979
14 0.500000 0.382809 0.829333 0.041979
14 0.500000 0.295852 0.829333 0.041979
12 0.223111 0.607696 0.275556 0.036482
17 0.500000 0.172664 1.000000 0.159420
8 0.213778 0.859570 0.150222 0.036482
14 0.190667 0.775612 0.104000 0.036482
14 0.277778 0.691654 0.278222 0.036482
34 0.500000 0.928036 1.000000 0.143928
12 0.261778 0.469765 0.352889 0.036482
36 0.833333 0.469765 0.162667 0.041979
