11 0.262723 0.695447 0.403308 0.139525
11 0.737277 0.295897 0.403308 0.139525
11 0.262723 0.295897 0.403308 0.139525
4 0.262723 0.309590 0.444020 0.185691
11 0.737277 0.695447 0.403308 0.139525
12 0.675997 0.582649 0.270568 0.020344
4 0.737277 0.309590 0.444020 0.185691
11 0.737277 0.495672 0.403308 0.139525
4 0.737277 0.709140 0.444020 0.185691
12 0.182782 0.782424 0.233249 0.020344
12 0.153944 0.382874 0.175573 0.020344
12 0.595420 0.382874 0.109415 0.020344
17 0.500000 0.135368 1.000000 0.125196
4 0.737277 0.509365 0.444020 0.185691
4 0.262723 0.709140 0.444020 0.185691
12 0.136980 0.582649 0.141645 0.020344
18 0.500000 0.827074 1.000000 0.011737
12 0.595420 0.782424 0.109415 0.020344
4 0.262723 0.509365 0.444020 0.185691
11 0.262723 0.495672 0.403308 0.139525
