12 0.164000 0.361069 0.061333 0.114443
12 0.164000 0.899800 0.061333 0.114443
12 0.637778 0.441029 0.673778 0.114443
12 0.131556 0.072214 0.263111 0.144428
12 0.165778 0.630435 0.064889 0.075462
14 0.150000 0.505497 0.300000 0.144428
14 0.150000 0.630435 0.300000 0.105447
11 0.650444 0.185907 0.699111 0.239880
30 0.150000 0.500000 0.300000 1.000000
14 0.150000 0.755372 0.300000 0.144428
12 0.160444 0.505497 0.054222 0.114443
14 0.150000 0.216642 0.300000 0.144428
14 0.150000 0.361069 0.300000 0.144428
12 0.422667 0.344828 0.243556 0.041979
14 0.150000 0.899800 0.300000 0.144428
12 0.161778 0.216642 0.056889 0.114443
12 0.164000 0.755372 0.061333 0.114443
