14 0.500000 0.556722 0.829333 0.041979
34 0.500000 0.928036 1.000000 0.143928
14 0.500000 0.643678 0.829333 0.041979
14 0.500000 0.469765 0.829333 0.041979
12 0.217778 0.469765 0.264889 0.036482
36 0.833333 0.556722 0.162667 0.041979
14 0.287111 0.949525 0.296889 0.036482
12 0.223111 0.781609 0.275556 0.036482
14 0.500000 0.382809 0.829333 0.041979
12 0.233778 0.382809 0.296889 0.036482
12 0.208000 0.295852 0.245333 0.036482
12 0.233333 0.643678 0.296000 0.036482
36 0.833333 0.469765 0.162667 0.041979
12 0.259556 0.556722 0.348444 0.036482
14 0.500000 0.295852 0.829333 0.041979
14 0.303556 0.865567 0.329778 0.036482
10 0.500000 0.840330 0.357333 0.007496
36 0.833333 0.295852 0.162667 0.041979
36 0.833333 0.382809 0.162667 0.041979
36 0.833333 0.643678 0.162667 0.041979
17 0.500000 0.172664 1.000000 0.159420
