14 0.224343 0.607199 0.184054 0.028560
10 0.500000 0.875000 0.340967 0.005869
14 0.262511 0.911189 0.362171 0.028560
17 0.500000 0.135172 1.000000 0.124804
14 0.500000 0.367762 0.837150 0.032864
12 0.198473 0.231612 0.234097 0.028560
12 0.200170 0.367762 0.237489 0.028560
12 0.136556 0.299687 0.110263 0.028560
8 0.265055 0.672926 0.265479 0.028560
36 0.840967 0.231612 0.155216 0.032864
34 0.500000 0.943662 1.000000 0.112676
14 0.195081 0.845462 0.227311 0.028560
14 0.173452 0.779734 0.184054 0.028560
12 0.212892 0.475743 0.262935 0.028560
14 0.265055 0.672926 0.265479 0.028560
36 0.840967 0.367762 0.155216 0.032864
14 0.225615 0.541471 0.186599 0.028560
36 0.840967 0.299687 0.155216 0.032864
14 0.500000 0.299687 0.837150 0.032864
14 0.500000 0.231612 0.837150 0.032864
