4 0.816370 0.460730 0.285835 0.153267
12 0.782867 0.339300 0.167939 0.042645
11 0.816370 0.268535 0.245123 0.084800
12 0.181086 0.506651 0.229856 0.020344
4 0.500000 0.460730 0.285835 0.130966
11 0.183630 0.603237 0.245123 0.084800
11 0.500000 0.447036 0.245123 0.084800
12 0.767176 0.506651 0.136556 0.042645
11 0.183630 0.447036 0.245123 0.084800
4 0.183630 0.293378 0.285835 0.130966
12 0.155640 0.662852 0.178965 0.020344
4 0.500000 0.293378 0.285835 0.130966
12 0.482612 0.339300 0.200170 0.020344
12 0.153944 0.339300 0.175573 0.020344
11 0.183630 0.279685 0.245123 0.084800
4 0.183630 0.460730 0.285835 0.130966
11 0.500000 0.279685 0.245123 0.084800
4 0.183630 0.616931 0.285835 0.130966
18 0.500000 0.707355 1.000000 0.011737
12 0.472858 0.506651 0.180662 0.020344
4 0.816370 0.293378 0.285835 0.153267
17 0.500000 0.135368 1.000000 0.125196
11 0.816370 0.435886 0.245123 0.084800
