12 0.494911 0.473200 0.224767 0.020344
11 0.500000 0.413586 0.245123 0.084800
11 0.500000 0.558637 0.245123 0.084800
4 0.500000 0.427279 0.285835 0.130966
4 0.816370 0.427279 0.285835 0.130966
12 0.163698 0.473200 0.195081 0.020344
17 0.500000 0.135368 1.000000 0.125196
12 0.812129 0.473200 0.226463 0.020344
4 0.500000 0.583480 0.285835 0.153267
12 0.458863 0.629401 0.152672 0.042645
12 0.482612 0.328149 0.200170 0.020344
4 0.500000 0.282228 0.285835 0.130966
4 0.816370 0.282228 0.285835 0.130966
11 0.183630 0.569787 0.245123 0.084800
12 0.153944 0.328149 0.175573 0.020344
11 0.816370 0.413586 0.245123 0.084800
11 0.183630 0.268535 0.245123 0.084800
11 0.183630 0.413586 0.245123 0.084800
11 0.816370 0.268535 0.245123 0.084800
4 0.183630 0.427279 0.285835 0.130966
12 0.159457 0.629401 0.186599 0.020344
11 0.500000 0.268535 0.245123 0.084800
12 0.794317 0.328149 0.190840 0.020344
4 0.183630 0.583480 0.285835 0.130966
4 0.183630 0.282228 0.285835 0.130966
18 0.500000 0.685055 1.000000 0.011737
