26 0.505937 0.934077 0.233249 0.028560
12 0.198473 0.213811 0.234097 0.028560
12 0.195505 0.405516 0.228159 0.028560
26 0.137829 0.934077 0.194232 0.028560
17 0.500000 0.104460 1.000000 0.063380
14 0.198473 0.225156 0.234097 0.060642
12 0.113656 0.336463 0.064461 0.020344
14 0.218405 0.512715 0.273961 0.060642
12 0.218405 0.501369 0.273961 0.028560
12 0.218405 0.528169 0.273961 0.020344
12 0.181510 0.240610 0.200170 0.020344
14 0.195505 0.416862 0.228159 0.060642
14 0.209500 0.321009 0.256149 0.060642
12 0.175573 0.432316 0.188295 0.020344
12 0.209500 0.309664 0.256149 0.028560
26 0.868109 0.934077 0.182358 0.028560
37 0.500000 0.934077 1.000000 0.052034
