12 0.794741 0.977308 0.247668 0.028560
12 0.787956 0.911581 0.261238 0.028560
14 0.753181 0.845853 0.330789 0.028560
12 0.801527 0.582942 0.234097 0.028560
14 0.787956 0.911581 0.261238 0.028560
14 0.794741 0.648670 0.247668 0.028560
21 0.500000 0.893192 0.898219 0.058685
12 0.794741 0.648670 0.247668 0.028560
14 0.754877 0.714397 0.327396 0.028560
36 0.159033 0.338811 0.155216 0.032864
36 0.159033 0.406886 0.155216 0.032864
12 0.754877 0.714397 0.327396 0.028560
14 0.794741 0.977308 0.247668 0.028560
12 0.776506 0.406886 0.284139 0.028560
12 0.825276 0.474961 0.186599 0.028560
14 0.500000 0.474961 0.837150 0.032864
12 0.795589 0.780125 0.245971 0.028560
14 0.500000 0.338811 0.837150 0.032864
35 0.500000 0.230829 0.837150 0.029343
36 0.159033 0.474961 0.155216 0.032864
12 0.753181 0.845853 0.330789 0.028560
14 0.801527 0.582942 0.234097 0.028560
12 0.778202 0.338811 0.280746 0.028560
14 0.795589 0.780125 0.245971 0.028560
14 0.500000 0.406886 0.837150 0.032864
17 0.500000 0.135368 1.000000 0.125196
