12 0.154368 0.592723 0.145886 0.020344
14 0.243003 0.385563 0.323155 0.060642
12 0.161154 0.496870 0.159457 0.020344
14 0.217557 0.768975 0.272265 0.060642
12 0.200170 0.784429 0.237489 0.020344
12 0.217557 0.565923 0.272265 0.028560
12 0.236641 0.661776 0.310433 0.028560
14 0.194232 0.481416 0.225615 0.060642
12 0.131467 0.401017 0.100085 0.020344
17 0.500000 0.104460 1.000000 0.063380
12 0.217557 0.757629 0.272265 0.028560
14 0.217557 0.577269 0.272265 0.060642
14 0.236641 0.673122 0.310433 0.060642
12 0.194232 0.470070 0.225615 0.028560
14 0.198473 0.289710 0.234097 0.060642
12 0.243003 0.374218 0.323155 0.028560
12 0.153944 0.305164 0.145038 0.020344
12 0.142918 0.688576 0.122986 0.020344
12 0.198473 0.278365 0.234097 0.028560
28 0.500000 0.168427 0.918575 0.036385
