12 0.245333 0.879560 0.320000 0.025987
14 0.247556 0.859820 0.324444 0.077461
12 0.247556 0.845327 0.324444 0.036482
12 0.235111 0.478011 0.299556 0.036482
17 0.500000 0.133433 1.000000 0.080960
14 0.229778 0.370065 0.288889 0.077461
14 0.265333 0.737381 0.360000 0.077461
12 0.141778 0.634683 0.112889 0.025987
12 0.176444 0.757121 0.182222 0.025987
28 0.500000 0.215142 0.914667 0.046477
12 0.265333 0.722889 0.360000 0.036482
14 0.235111 0.492504 0.299556 0.077461
12 0.229778 0.389805 0.288889 0.025987
12 0.164444 0.994503 0.158222 0.010995
14 0.204444 0.614943 0.238222 0.077461
12 0.208000 0.355572 0.245333 0.036482
14 0.239111 0.971764 0.307556 0.056472
12 0.204444 0.600450 0.238222 0.036482
12 0.239111 0.967766 0.307556 0.036482
12 0.214667 0.512244 0.258667 0.025987
