14 0.500000 0.300078 0.837150 0.032864
12 0.224343 0.368153 0.285835 0.028560
12 0.245971 0.300078 0.329092 0.028560
36 0.840967 0.368153 0.155216 0.032864
14 0.234521 0.780125 0.306192 0.028560
36 0.840967 0.300078 0.155216 0.032864
34 0.500000 0.943662 1.000000 0.112676
14 0.195505 0.845853 0.228159 0.028560
14 0.219678 0.673318 0.174724 0.028560
14 0.500000 0.232003 0.837150 0.032864
36 0.840967 0.232003 0.155216 0.032864
17 0.500000 0.135368 1.000000 0.125196
12 0.212892 0.476135 0.262935 0.028560
14 0.250636 0.607590 0.236641 0.028560
14 0.236641 0.911581 0.310433 0.028560
12 0.198473 0.232003 0.234097 0.028560
8 0.219678 0.673318 0.174724 0.028560
14 0.189143 0.977308 0.215437 0.028560
14 0.500000 0.368153 0.837150 0.032864
10 0.500000 0.875000 0.340967 0.005869
14 0.302375 0.541862 0.340119 0.028560
