12 0.194656 0.401017 0.226463 0.020344
12 0.230280 0.757629 0.297710 0.028560
14 0.174724 0.673122 0.186599 0.060642
12 0.236217 0.470070 0.309584 0.028560
17 0.500000 0.104460 1.000000 0.063380
28 0.500000 0.168427 0.918575 0.036385
14 0.230280 0.768975 0.297710 0.060642
12 0.128075 0.305164 0.093299 0.020344
12 0.165394 0.592723 0.167939 0.020344
12 0.200594 0.565923 0.238338 0.028560
12 0.173028 0.784429 0.183206 0.020344
12 0.134860 0.688576 0.106870 0.020344
14 0.200594 0.577269 0.238338 0.060642
12 0.213316 0.374218 0.263783 0.028560
14 0.236217 0.481416 0.309584 0.060642
14 0.213316 0.385563 0.263783 0.060642
12 0.175997 0.496870 0.189143 0.020344
12 0.174724 0.661776 0.186599 0.028560
12 0.198473 0.278365 0.234097 0.028560
14 0.198473 0.289710 0.234097 0.060642
