12 0.215111 0.512244 0.259556 0.025987
12 0.228889 0.967766 0.287111 0.036482
14 0.269778 0.859820 0.368889 0.077461
12 0.228889 0.600450 0.287111 0.036482
17 0.500000 0.133433 1.000000 0.080960
28 0.500000 0.215142 0.914667 0.046477
14 0.228889 0.971764 0.287111 0.056472
12 0.189778 0.389805 0.208889 0.025987
12 0.141778 0.757121 0.112889 0.025987
12 0.233778 0.722889 0.296889 0.036482
12 0.123556 0.879560 0.076444 0.025987
14 0.233778 0.737381 0.296889 0.077461
12 0.144444 0.994503 0.118222 0.010995
12 0.217778 0.478011 0.264889 0.036482
14 0.217778 0.492504 0.264889 0.077461
14 0.228889 0.614943 0.287111 0.077461
12 0.269778 0.845327 0.368889 0.036482
12 0.204889 0.634683 0.239111 0.025987
12 0.208000 0.355572 0.245333 0.036482
14 0.208000 0.370065 0.245333 0.077461
