14 0.167515 0.845462 0.172180 0.028560
10 0.500000 0.875000 0.340967 0.005869
14 0.245971 0.911189 0.329092 0.028560
36 0.840967 0.299687 0.155216 0.032864
12 0.198473 0.231612 0.234097 0.028560
12 0.212892 0.475743 0.262935 0.028560
14 0.195505 0.779734 0.228159 0.028560
14 0.287108 0.672926 0.309584 0.028560
17 0.500000 0.135172 1.000000 0.124804
12 0.245971 0.299687 0.329092 0.028560
36 0.840967 0.231612 0.155216 0.032864
12 0.240882 0.367762 0.318914 0.028560
14 0.500000 0.231612 0.837150 0.032864
14 0.236217 0.976917 0.309584 0.028560
14 0.500000 0.299687 0.837150 0.032864
36 0.840967 0.367762 0.155216 0.032864
14 0.500000 0.367762 0.837150 0.032864
8 0.287108 0.672926 0.309584 0.028560
14 0.307464 0.541471 0.350297 0.028560
14 0.260390 0.607199 0.256149 0.028560
34 0.500000 0.943662 1.000000 0.112676
