12 0.445333 0.344828 0.288889 0.041979
30 0.150000 0.500000 0.300000 1.000000
12 0.164000 0.322089 0.061333 0.114443
14 0.150000 0.466517 0.300000 0.144428
14 0.150000 0.610945 0.300000 0.144428
12 0.131556 0.072214 0.263111 0.144428
12 0.637778 0.441029 0.673778 0.114443
12 0.160000 0.197151 0.053333 0.075462
14 0.150000 0.322089 0.300000 0.144428
12 0.161778 0.466517 0.056889 0.114443
12 0.163556 0.755372 0.060444 0.114443
14 0.150000 0.197151 0.300000 0.105447
12 0.164444 0.610945 0.062222 0.114443
14 0.150000 0.755372 0.300000 0.144428
11 0.650444 0.185907 0.699111 0.239880
