12 0.228889 0.879560 0.287111 0.025987
14 0.228889 0.859820 0.287111 0.077461
12 0.240000 0.600450 0.309333 0.036482
12 0.145333 0.389805 0.120000 0.025987
14 0.183111 0.737381 0.195556 0.077461
17 0.500000 0.133433 1.000000 0.080960
14 0.222222 0.492504 0.273778 0.077461
12 0.250222 0.967766 0.329778 0.036482
12 0.208000 0.355572 0.245333 0.036482
12 0.183111 0.722889 0.195556 0.036482
12 0.141778 0.994503 0.112889 0.010995
28 0.500000 0.215142 0.914667 0.046477
12 0.172000 0.512244 0.173333 0.025987
12 0.200000 0.634683 0.229333 0.025987
14 0.250222 0.971764 0.329778 0.056472
14 0.240000 0.614943 0.309333 0.077461
14 0.208000 0.370065 0.245333 0.077461
12 0.217778 0.845327 0.264889 0.036482
12 0.161333 0.757121 0.152000 0.025987
12 0.222222 0.478011 0.273778 0.036482
