12 0.208000 0.273113 0.245333 0.036482
12 0.260444 0.395552 0.350222 0.036482
26 0.855556 0.915792 0.203556 0.036482
14 0.260444 0.410045 0.350222 0.077461
12 0.118667 0.307346 0.066667 0.025987
14 0.239111 0.532484 0.307556 0.077461
12 0.162667 0.674663 0.154667 0.025987
12 0.216889 0.797101 0.263111 0.025987
14 0.236444 0.777361 0.302222 0.077461
12 0.233778 0.640430 0.296889 0.036482
17 0.500000 0.133433 1.000000 0.080960
37 0.500000 0.915792 1.000000 0.066467
14 0.208000 0.287606 0.245333 0.077461
12 0.133778 0.429785 0.096889 0.025987
14 0.233778 0.654923 0.296889 0.077461
12 0.239111 0.517991 0.307556 0.036482
26 0.139556 0.915792 0.193778 0.036482
12 0.149333 0.552224 0.128000 0.025987
12 0.236444 0.762869 0.302222 0.036482
