14 0.500000 0.367762 0.837150 0.032864
17 0.500000 0.135172 1.000000 0.124804
34 0.500000 0.943662 1.000000 0.112676
12 0.212892 0.475743 0.262935 0.028560
12 0.198473 0.231612 0.234097 0.028560
36 0.840967 0.231612 0.155216 0.032864
14 0.246395 0.541471 0.228159 0.028560
14 0.189567 0.779734 0.216285 0.028560
14 0.500000 0.299687 0.837150 0.032864
14 0.251908 0.607199 0.239186 0.028560
14 0.194232 0.911189 0.225615 0.028560
8 0.256149 0.672926 0.247668 0.028560
14 0.236217 0.845462 0.309584 0.028560
14 0.500000 0.231612 0.837150 0.032864
10 0.500000 0.875000 0.340967 0.005869
14 0.187871 0.976917 0.212892 0.028560
36 0.840967 0.299687 0.155216 0.032864
12 0.195081 0.367762 0.227311 0.028560
14 0.256149 0.672926 0.247668 0.028560
36 0.840967 0.367762 0.155216 0.032864
12 0.289228 0.299687 0.415606 0.028560
