12 0.787556 0.912544 0.254222 0.036482
14 0.760889 0.989130 0.307556 0.021739
12 0.795556 0.606697 0.238222 0.036482
14 0.787556 0.912544 0.254222 0.036482
21 0.500000 0.863568 0.893333 0.074963
12 0.792000 0.744628 0.245333 0.036482
12 0.760000 0.432784 0.309333 0.036482
35 0.500000 0.294853 0.829333 0.037481
14 0.500000 0.432784 0.829333 0.041979
14 0.776444 0.828586 0.276444 0.036482
36 0.166667 0.432784 0.162667 0.041979
36 0.166667 0.606697 0.162667 0.041979
14 0.500000 0.519740 0.829333 0.041979
12 0.796444 0.519740 0.236444 0.036482
14 0.500000 0.606697 0.829333 0.041979
14 0.792000 0.744628 0.245333 0.036482
36 0.166667 0.519740 0.162667 0.041979
17 0.500000 0.172914 1.000000 0.159920
12 0.776444 0.828586 0.276444 0.036482
12 0.760889 0.989130 0.307556 0.021739
