11 0.816370 0.603237 0.245123 0.084800
11 0.500000 0.435886 0.245123 0.084800
4 0.816370 0.616931 0.285835 0.130966
4 0.500000 0.616931 0.285835 0.130966
12 0.799406 0.506651 0.201018 0.020344
12 0.157337 0.662852 0.182358 0.020344
4 0.183630 0.293378 0.285835 0.130966
12 0.799830 0.339300 0.201866 0.020344
4 0.183630 0.460730 0.285835 0.130966
4 0.816370 0.293378 0.285835 0.130966
11 0.183630 0.603237 0.245123 0.084800
11 0.500000 0.268535 0.245123 0.084800
11 0.816370 0.447036 0.245123 0.084800
11 0.183630 0.279685 0.245123 0.084800
4 0.500000 0.460730 0.285835 0.153267
12 0.169635 0.506651 0.206955 0.020344
17 0.500000 0.135368 1.000000 0.125196
12 0.153944 0.339300 0.175573 0.020344
12 0.449958 0.339300 0.134860 0.042645
11 0.500000 0.603237 0.245123 0.084800
11 0.183630 0.447036 0.245123 0.084800
11 0.816370 0.279685 0.245123 0.084800
4 0.816370 0.460730 0.285835 0.130966
18 0.500000 0.707355 1.000000 0.011737
4 0.183630 0.616931 0.285835 0.130966
12 0.495759 0.662852 0.226463 0.020344
12 0.458863 0.506651 0.152672 0.042645
4 0.500000 0.293378 0.285835 0.153267
12 0.765055 0.662852 0.132316 0.020344
