14 0.150000 0.236894 0.300000 0.082551
12 0.624852 0.345266 0.648007 0.089593
12 0.158185 0.154343 0.061917 0.059077
30 0.150000 0.500000 0.300000 1.000000
12 0.164122 0.530321 0.073791 0.089593
14 0.150000 0.530321 0.300000 0.113067
12 0.473028 0.269953 0.344360 0.032864
12 0.125530 0.056534 0.251060 0.113067
12 0.161578 0.236894 0.068702 0.059077
14 0.150000 0.432512 0.300000 0.082551
11 0.650424 0.145540 0.699152 0.187793
12 0.164122 0.334703 0.073791 0.089593
12 0.164546 0.432512 0.074640 0.059077
14 0.150000 0.154343 0.300000 0.082551
14 0.150000 0.334703 0.300000 0.113067
