14 0.308000 0.947026 0.338667 0.036482
17 0.500000 0.172914 1.000000 0.159920
12 0.233778 0.470265 0.296889 0.036482
14 0.500000 0.296352 0.829333 0.041979
12 0.223111 0.695152 0.275556 0.036482
14 0.313778 0.863068 0.350222 0.036482
36 0.833333 0.296352 0.162667 0.041979
8 0.308000 0.947026 0.338667 0.036482
10 0.500000 0.840330 0.357333 0.007496
36 0.833333 0.557221 0.162667 0.041979
12 0.145778 0.557221 0.120889 0.036482
12 0.208000 0.296352 0.245333 0.036482
14 0.500000 0.470265 0.829333 0.041979
14 0.267556 0.779110 0.257778 0.036482
14 0.500000 0.557221 0.829333 0.041979
14 0.500000 0.383308 0.829333 0.041979
12 0.199111 0.383308 0.227556 0.036482
36 0.833333 0.470265 0.162667 0.041979
36 0.833333 0.383308 0.162667 0.041979
34 0.500000 0.928036 1.000000 0.143928
