14 0.230222 0.776112 0.183111 0.036482
36 0.833333 0.296352 0.162667 0.041979
14 0.500000 0.296352 0.829333 0.041979
8 0.250222 0.860070 0.223111 0.036482
17 0.500000 0.172914 1.000000 0.159920
14 0.250222 0.860070 0.223111 0.036482
36 0.833333 0.470265 0.162667 0.041979
14 0.215111 0.692154 0.152889 0.036482
10 0.500000 0.840330 0.357333 0.007496
12 0.161778 0.470265 0.152889 0.036482
36 0.833333 0.383308 0.162667 0.041979
14 0.248000 0.989130 0.325333 0.021739
12 0.223111 0.608196 0.275556 0.036482
14 0.500000 0.470265 0.829333 0.041979
12 0.208000 0.296352 0.245333 0.036482
34 0.500000 0.928036 1.000000 0.143928
12 0.240889 0.383308 0.311111 0.036482
14 0.500000 0.383308 0.829333 0.041979
