14 0.243003 0.784820 0.323155 0.028560
12 0.212892 0.612285 0.262935 0.028560
36 0.840967 0.232003 0.155216 0.032864
36 0.840967 0.300078 0.155216 0.032864
12 0.223494 0.300078 0.284139 0.028560
12 0.221798 0.368153 0.280746 0.028560
14 0.210772 0.719092 0.258694 0.028560
14 0.251908 0.850548 0.340967 0.028560
14 0.500000 0.368153 0.837150 0.032864
8 0.500000 0.612285 0.837150 0.028560
14 0.500000 0.504304 0.837150 0.032864
10 0.500000 0.875000 0.340967 0.005869
34 0.500000 0.943662 1.000000 0.112676
14 0.500000 0.232003 0.837150 0.032864
36 0.840967 0.436228 0.155216 0.032864
14 0.500000 0.436228 0.837150 0.032864
12 0.195505 0.504304 0.228159 0.028560
36 0.840967 0.368153 0.155216 0.032864
36 0.840967 0.504304 0.155216 0.032864
14 0.500000 0.300078 0.837150 0.032864
12 0.198473 0.232003 0.234097 0.028560
12 0.225615 0.436228 0.288380 0.028560
17 0.500000 0.135368 1.000000 0.125196
