28 0.500000 0.215142 0.914667 0.046477
12 0.229778 0.389805 0.288889 0.025987
12 0.145333 0.879560 0.120000 0.025987
14 0.209778 0.737381 0.248889 0.077461
14 0.254667 0.859820 0.338667 0.077461
14 0.228889 0.492504 0.287111 0.077461
17 0.500000 0.133433 1.000000 0.080960
12 0.209778 0.757121 0.248889 0.025987
14 0.229778 0.370065 0.288889 0.077461
14 0.210667 0.614943 0.250667 0.077461
12 0.210667 0.600450 0.250667 0.036482
12 0.215111 0.512244 0.259556 0.025987
12 0.193778 0.634683 0.216889 0.025987
12 0.198667 0.722889 0.226667 0.036482
12 0.254667 0.845327 0.338667 0.036482
12 0.208000 0.355572 0.245333 0.036482
12 0.228889 0.478011 0.287111 0.036482
