11 0.737277 0.519562 0.060221 0.020344
12 0.248940 0.437207 0.416455 0.028560
11 0.262511 0.519562 0.060221 0.020344
12 0.226463 0.770540 0.330789 0.024648
1 0.101781 0.865806 0.050891 0.023474
11 0.737277 0.704225 0.060221 0.020344
13 0.622986 0.962050 0.247668 0.020344
24 0.986005 0.248826 0.007634 0.070423
4 0.262723 0.733177 0.444020 0.170579
13 0.355810 0.962050 0.205259 0.020344
12 0.455471 0.865806 0.595420 0.021909
12 0.262723 0.585876 0.403732 0.024648
12 0.701018 0.770540 0.330789 0.024648
4 0.262723 0.548513 0.444444 0.170579
12 0.208227 0.155125 0.335030 0.037950
4 0.737277 0.548513 0.444020 0.170579
15 0.500000 0.321987 0.918575 0.164319
17 0.500000 0.129304 1.000000 0.113067
11 0.262723 0.704225 0.060221 0.020344
12 0.737065 0.585876 0.402884 0.024648
23 0.500000 0.206964 1.000000 0.042254
4 0.737277 0.733177 0.444020 0.170579
