14 0.266222 0.860070 0.255111 0.036482
34 0.500000 0.928036 1.000000 0.143928
36 0.833333 0.470265 0.162667 0.041979
14 0.262667 0.776112 0.248000 0.036482
14 0.243556 0.692154 0.209778 0.036482
12 0.223111 0.608196 0.275556 0.036482
36 0.833333 0.383308 0.162667 0.041979
14 0.500000 0.383308 0.829333 0.041979
36 0.833333 0.296352 0.162667 0.041979
12 0.259556 0.470265 0.348444 0.036482
14 0.500000 0.296352 0.829333 0.041979
10 0.500000 0.840330 0.357333 0.007496
12 0.175556 0.383308 0.180444 0.036482
14 0.500000 0.470265 0.829333 0.041979
17 0.500000 0.172914 1.000000 0.159920
12 0.208000 0.296352 0.245333 0.036482
14 0.269778 0.989130 0.368889 0.021739
8 0.266222 0.860070 0.255111 0.036482
