17 0.500000 0.135368 1.000000 0.125196
12 0.622137 0.382874 0.162850 0.020344
4 0.262723 0.509365 0.444020 0.185691
18 0.500000 0.627543 1.000000 0.011737
12 0.153944 0.382874 0.175573 0.020344
12 0.189567 0.582649 0.246819 0.020344
11 0.262723 0.295897 0.403308 0.139525
11 0.737277 0.295897 0.403308 0.139525
4 0.737277 0.309590 0.444020 0.185691
12 0.644190 0.582649 0.206955 0.020344
4 0.737277 0.509365 0.444020 0.185691
4 0.262723 0.309590 0.444020 0.185691
11 0.262723 0.495672 0.403308 0.139525
11 0.737277 0.495672 0.403308 0.139525
