17 0.500000 0.135368 1.000000 0.125196
8 0.500000 0.612285 0.837150 0.028560
36 0.840967 0.504304 0.155216 0.032864
14 0.229432 0.850548 0.296014 0.028560
12 0.223494 0.300078 0.284139 0.028560
14 0.500000 0.436228 0.837150 0.032864
14 0.500000 0.368153 0.837150 0.032864
14 0.500000 0.232003 0.837150 0.032864
14 0.235793 0.719092 0.308736 0.028560
10 0.500000 0.875000 0.340967 0.005869
12 0.198473 0.232003 0.234097 0.028560
14 0.189143 0.982003 0.215437 0.028560
12 0.181510 0.368153 0.200170 0.028560
12 0.223070 0.436228 0.283291 0.028560
36 0.840967 0.300078 0.155216 0.032864
14 0.500000 0.504304 0.837150 0.032864
14 0.234521 0.916275 0.306192 0.028560
36 0.840967 0.368153 0.155216 0.032864
14 0.189567 0.784820 0.216285 0.028560
34 0.500000 0.943662 1.000000 0.112676
12 0.212892 0.612285 0.262935 0.028560
12 0.253181 0.504304 0.343511 0.028560
36 0.840967 0.232003 0.155216 0.032864
14 0.500000 0.300078 0.837150 0.032864
36 0.840967 0.436228 0.155216 0.032864
