14 0.204411 0.780125 0.245971 0.028560
14 0.500000 0.368153 0.837150 0.032864
14 0.202714 0.582942 0.242578 0.028560
36 0.840967 0.300078 0.155216 0.032864
12 0.212892 0.476135 0.262935 0.028560
14 0.222646 0.714397 0.282443 0.028560
14 0.224343 0.648670 0.285835 0.028560
12 0.198473 0.232003 0.234097 0.028560
36 0.840967 0.368153 0.155216 0.032864
14 0.500000 0.300078 0.837150 0.032864
36 0.840967 0.232003 0.155216 0.032864
8 0.500000 0.476135 0.837150 0.028560
34 0.500000 0.943662 1.000000 0.112676
10 0.500000 0.875000 0.340967 0.005869
17 0.500000 0.135368 1.000000 0.125196
14 0.500000 0.232003 0.837150 0.032864
12 0.168787 0.300078 0.174724 0.028560
12 0.236217 0.368153 0.309584 0.028560
