14 0.208000 0.287606 0.245333 0.077461
12 0.183556 0.517991 0.196444 0.036482
14 0.217778 0.410045 0.264889 0.077461
17 0.500000 0.133433 1.000000 0.080960
12 0.174222 0.429785 0.177778 0.025987
12 0.217778 0.395552 0.264889 0.036482
37 0.500000 0.915792 1.000000 0.066467
12 0.204889 0.640430 0.239111 0.036482
12 0.216444 0.674663 0.262222 0.025987
14 0.192444 0.532484 0.214222 0.077461
26 0.860444 0.915792 0.193778 0.036482
12 0.208000 0.273113 0.245333 0.036482
12 0.192444 0.552224 0.214222 0.025987
14 0.216444 0.654923 0.262222 0.077461
26 0.137333 0.915792 0.189333 0.036482
12 0.119111 0.307346 0.067556 0.025987
