14 0.303111 0.859820 0.435556 0.077461
14 0.241333 0.971764 0.312000 0.056472
12 0.215111 0.478011 0.259556 0.036482
12 0.168000 0.757121 0.165333 0.025987
12 0.241333 0.967766 0.312000 0.036482
14 0.250222 0.614943 0.329778 0.077461
12 0.175556 0.600450 0.180444 0.036482
12 0.173333 0.994503 0.176000 0.010995
14 0.208000 0.370065 0.245333 0.077461
12 0.232444 0.722889 0.294222 0.036482
12 0.164444 0.512244 0.158222 0.025987
17 0.500000 0.133433 1.000000 0.080960
14 0.232444 0.737381 0.294222 0.077461
14 0.215111 0.492504 0.259556 0.077461
12 0.250222 0.634683 0.329778 0.025987
12 0.208000 0.355572 0.245333 0.036482
12 0.118667 0.389805 0.066667 0.025987
12 0.303111 0.845327 0.435556 0.036482
28 0.500000 0.215142 0.914667 0.046477
12 0.152000 0.879560 0.133333 0.025987
