12 0.458222 0.840705 0.146667 0.054473
11 0.184444 0.353886 0.240889 0.101574
4 0.184444 0.578398 0.283556 0.189030
4 0.184444 0.371377 0.283556 0.160545
12 0.140889 0.633683 0.143111 0.054473
11 0.500000 0.546664 0.240889 0.101574
12 0.791556 0.633683 0.182222 0.025987
12 0.136000 0.840705 0.133333 0.054473
4 0.500000 0.578398 0.283556 0.189030
18 0.500000 0.912544 1.000000 0.014993
11 0.500000 0.353886 0.240889 0.101574
11 0.184444 0.753686 0.240889 0.101574
11 0.815556 0.767929 0.240889 0.101574
4 0.815556 0.578398 0.283556 0.160545
12 0.476000 0.426662 0.182222 0.025987
12 0.776444 0.426662 0.152000 0.054473
4 0.815556 0.785420 0.283556 0.160545
11 0.815556 0.339643 0.240889 0.101574
12 0.460889 0.633683 0.152000 0.054473
11 0.184444 0.546664 0.240889 0.101574
4 0.184444 0.785420 0.283556 0.189030
4 0.500000 0.371377 0.283556 0.160545
4 0.500000 0.785420 0.283556 0.189030
12 0.774667 0.840705 0.148444 0.025987
11 0.815556 0.560907 0.240889 0.101574
4 0.815556 0.371377 0.283556 0.189030
12 0.161333 0.426662 0.184000 0.025987
17 0.500000 0.172914 1.000000 0.159920
11 0.500000 0.753686 0.240889 0.101574
