14 0.268448 0.672926 0.272265 0.028560
14 0.500000 0.231612 0.837150 0.032864
14 0.199746 0.845462 0.236641 0.028560
12 0.198473 0.231612 0.234097 0.028560
36 0.840967 0.367762 0.155216 0.032864
14 0.500000 0.367762 0.837150 0.032864
36 0.840967 0.299687 0.155216 0.032864
12 0.225615 0.299687 0.288380 0.028560
10 0.500000 0.875000 0.340967 0.005869
34 0.500000 0.943662 1.000000 0.112676
8 0.268448 0.672926 0.272265 0.028560
12 0.211196 0.367762 0.259542 0.028560
36 0.840967 0.231612 0.155216 0.032864
14 0.226039 0.607199 0.187447 0.028560
14 0.211196 0.911189 0.259542 0.028560
14 0.500000 0.299687 0.837150 0.032864
14 0.195505 0.779734 0.228159 0.028560
17 0.500000 0.135172 1.000000 0.124804
14 0.249788 0.976917 0.336726 0.028560
12 0.212892 0.475743 0.262935 0.028560
14 0.239186 0.541471 0.213740 0.028560
