14 0.183556 0.741129 0.196444 0.036482
14 0.500000 0.295852 0.829333 0.041979
36 0.833333 0.382809 0.162667 0.041979
17 0.500000 0.172664 1.000000 0.159420
8 0.500000 0.520740 0.829333 0.036482
14 0.265333 0.987381 0.360000 0.025237
36 0.833333 0.295852 0.162667 0.041979
12 0.270222 0.382809 0.369778 0.036482
14 0.500000 0.382809 0.829333 0.041979
14 0.250222 0.825087 0.329778 0.036482
14 0.204889 0.909045 0.239111 0.036482
10 0.500000 0.840330 0.357333 0.007496
14 0.270222 0.657171 0.369778 0.036482
12 0.208000 0.295852 0.245333 0.036482
12 0.223111 0.520740 0.275556 0.036482
34 0.500000 0.928036 1.000000 0.143928
