4 0.500000 0.293378 0.285835 0.153267
12 0.799830 0.339300 0.201866 0.020344
11 0.816370 0.279685 0.245123 0.084800
4 0.816370 0.449579 0.285835 0.130966
11 0.500000 0.268535 0.245123 0.084800
4 0.816370 0.293378 0.285835 0.130966
12 0.174300 0.495501 0.216285 0.020344
4 0.183630 0.449579 0.285835 0.130966
12 0.437235 0.495501 0.109415 0.020344
11 0.183630 0.279685 0.245123 0.084800
11 0.816370 0.435886 0.245123 0.084800
18 0.500000 0.540689 1.000000 0.011737
12 0.455047 0.339300 0.145038 0.042645
4 0.500000 0.449579 0.285835 0.130966
11 0.183630 0.435886 0.245123 0.084800
12 0.796438 0.495501 0.195081 0.020344
12 0.153944 0.339300 0.175573 0.020344
11 0.500000 0.435886 0.245123 0.084800
17 0.500000 0.135368 1.000000 0.125196
4 0.183630 0.293378 0.285835 0.130966
