26 0.862667 0.915792 0.189333 0.036482
12 0.174667 0.429785 0.178667 0.025987
14 0.208000 0.287606 0.245333 0.077461
12 0.228889 0.395552 0.287111 0.036482
12 0.182667 0.797101 0.194667 0.025987
14 0.256889 0.654923 0.343111 0.077461
12 0.240444 0.517991 0.310222 0.036482
14 0.222222 0.777361 0.273778 0.077461
37 0.500000 0.915792 1.000000 0.066467
26 0.131556 0.915792 0.177778 0.036482
12 0.208000 0.273113 0.245333 0.036482
12 0.145333 0.307346 0.120000 0.025987
12 0.222222 0.762869 0.273778 0.036482
14 0.240444 0.532484 0.310222 0.077461
12 0.256889 0.640430 0.343111 0.036482
12 0.147111 0.552224 0.123556 0.025987
14 0.228889 0.410045 0.287111 0.077461
17 0.500000 0.133433 1.000000 0.080960
12 0.119111 0.674663 0.067556 0.025987
