12 0.792000 0.657671 0.245333 0.036482
14 0.771111 0.987631 0.287111 0.024738
21 0.500000 0.863568 0.893333 0.074963
14 0.500000 0.519740 0.829333 0.041979
14 0.816444 0.825587 0.196444 0.036482
12 0.790667 0.432784 0.248000 0.036482
14 0.792000 0.657671 0.245333 0.036482
36 0.166667 0.519740 0.162667 0.041979
12 0.816444 0.825587 0.196444 0.036482
17 0.500000 0.172914 1.000000 0.159920
14 0.745333 0.909545 0.338667 0.036482
14 0.854222 0.741629 0.120889 0.036482
36 0.166667 0.432784 0.162667 0.041979
12 0.816444 0.519740 0.196444 0.036482
12 0.854222 0.741629 0.120889 0.036482
12 0.745333 0.909545 0.338667 0.036482
35 0.500000 0.294853 0.829333 0.037481
14 0.500000 0.432784 0.829333 0.041979
12 0.771111 0.987631 0.287111 0.024738
