36 0.840967 0.504304 0.155216 0.032864
12 0.212892 0.612285 0.262935 0.028560
14 0.236217 0.850548 0.309584 0.028560
36 0.840967 0.368153 0.155216 0.032864
12 0.139101 0.436228 0.115352 0.028560
14 0.226887 0.784820 0.290925 0.028560
14 0.500000 0.232003 0.837150 0.032864
17 0.500000 0.135368 1.000000 0.125196
14 0.223070 0.916275 0.283291 0.028560
12 0.248516 0.300078 0.334182 0.028560
14 0.240882 0.719092 0.318914 0.028560
14 0.500000 0.436228 0.837150 0.032864
36 0.840967 0.232003 0.155216 0.032864
10 0.500000 0.875000 0.340967 0.005869
12 0.203138 0.504304 0.243427 0.028560
14 0.173452 0.982003 0.184054 0.028560
14 0.500000 0.368153 0.837150 0.032864
36 0.840967 0.436228 0.155216 0.032864
36 0.840967 0.300078 0.155216 0.032864
14 0.500000 0.300078 0.837150 0.032864
8 0.500000 0.612285 0.837150 0.028560
12 0.198473 0.232003 0.234097 0.028560
34 0.500000 0.943662 1.000000 0.112676
14 0.500000 0.504304 0.837150 0.032864
12 0.201018 0.368153 0.239186 0.028560
