12 0.792000 0.744628 0.245333 0.036482
14 0.500000 0.519740 0.829333 0.041979
12 0.802667 0.828586 0.224000 0.036482
35 0.500000 0.294853 0.829333 0.037481
17 0.500000 0.172914 1.000000 0.159920
12 0.752000 0.432784 0.325333 0.036482
36 0.166667 0.432784 0.162667 0.041979
36 0.166667 0.519740 0.162667 0.041979
14 0.500000 0.432784 0.829333 0.041979
12 0.758667 0.912544 0.312000 0.036482
14 0.856889 0.989130 0.115556 0.021739
14 0.758667 0.912544 0.312000 0.036482
14 0.802667 0.828586 0.224000 0.036482
12 0.751111 0.606697 0.327111 0.036482
21 0.500000 0.863568 0.893333 0.074963
36 0.166667 0.606697 0.162667 0.041979
12 0.856889 0.989130 0.115556 0.021739
12 0.776444 0.519740 0.276444 0.036482
14 0.792000 0.744628 0.245333 0.036482
14 0.500000 0.606697 0.829333 0.041979
