4 0.184444 0.728448 0.283556 0.189030
11 0.184444 0.518178 0.240889 0.101574
12 0.161333 0.412419 0.184000 0.025987
12 0.140000 0.783733 0.141333 0.054473
11 0.500000 0.339643 0.240889 0.101574
4 0.815556 0.535670 0.283556 0.160545
11 0.815556 0.339643 0.240889 0.101574
11 0.815556 0.518178 0.240889 0.101574
12 0.482667 0.590955 0.195556 0.025987
17 0.500000 0.172914 1.000000 0.159920
11 0.184444 0.696714 0.240889 0.101574
11 0.184444 0.339643 0.240889 0.101574
4 0.184444 0.357134 0.283556 0.160545
11 0.500000 0.518178 0.240889 0.101574
4 0.500000 0.357134 0.283556 0.160545
12 0.473333 0.412419 0.176889 0.025987
4 0.815556 0.357134 0.283556 0.160545
4 0.500000 0.535670 0.283556 0.160545
12 0.809778 0.590955 0.218667 0.025987
12 0.109333 0.590955 0.080000 0.025987
12 0.772889 0.412419 0.144889 0.025987
4 0.184444 0.535670 0.283556 0.160545
18 0.500000 0.855572 1.000000 0.014993
