14 0.150000 0.643388 0.300000 0.113067
12 0.159457 0.643388 0.064461 0.089593
12 0.162850 0.154343 0.071247 0.059077
14 0.150000 0.447770 0.300000 0.113067
11 0.650424 0.145540 0.699152 0.187793
30 0.150000 0.500000 0.300000 1.000000
12 0.438677 0.269953 0.275657 0.032864
12 0.646904 0.345266 0.692112 0.089593
12 0.162002 0.334703 0.069550 0.089593
12 0.164122 0.447770 0.073791 0.089593
14 0.150000 0.334703 0.300000 0.113067
14 0.150000 0.545579 0.300000 0.082551
12 0.161578 0.236894 0.068702 0.059077
14 0.150000 0.154343 0.300000 0.082551
14 0.150000 0.236894 0.300000 0.082551
12 0.125530 0.056534 0.251060 0.113067
12 0.164546 0.545579 0.074640 0.059077
