12 0.208000 0.355572 0.245333 0.036482
12 0.184000 0.879560 0.197333 0.025987
12 0.183111 0.845327 0.195556 0.036482
12 0.119111 0.389805 0.067556 0.025987
12 0.190222 0.722889 0.209778 0.036482
28 0.500000 0.215142 0.914667 0.046477
12 0.217333 0.512244 0.264000 0.025987
14 0.190222 0.737381 0.209778 0.077461
12 0.204444 0.478011 0.238222 0.036482
17 0.500000 0.133433 1.000000 0.080960
12 0.190222 0.634683 0.209778 0.025987
14 0.184000 0.859820 0.197333 0.077461
12 0.152000 0.757121 0.133333 0.025987
14 0.275111 0.614943 0.379556 0.077461
14 0.217333 0.492504 0.264000 0.077461
14 0.208000 0.370065 0.245333 0.077461
12 0.275111 0.600450 0.379556 0.036482
