4 0.183630 0.293378 0.285835 0.130966
4 0.500000 0.449579 0.285835 0.130966
11 0.816370 0.279685 0.245123 0.084800
12 0.148007 0.495501 0.163698 0.020344
11 0.500000 0.268535 0.245123 0.084800
4 0.183630 0.449579 0.285835 0.130966
11 0.183630 0.435886 0.245123 0.084800
11 0.500000 0.435886 0.245123 0.084800
12 0.153944 0.339300 0.175573 0.020344
4 0.500000 0.293378 0.285835 0.153267
17 0.500000 0.135368 1.000000 0.125196
18 0.500000 0.540689 1.000000 0.011737
4 0.816370 0.293378 0.285835 0.130966
11 0.183630 0.279685 0.245123 0.084800
12 0.807040 0.339300 0.216285 0.020344
12 0.472858 0.495501 0.180662 0.020344
12 0.455047 0.339300 0.145038 0.042645
