14 0.203556 0.915042 0.236444 0.036482
36 0.833333 0.295852 0.162667 0.041979
12 0.265333 0.382809 0.360000 0.036482
36 0.833333 0.556722 0.162667 0.041979
14 0.215111 0.990380 0.259556 0.019240
14 0.500000 0.469765 0.829333 0.041979
12 0.223111 0.694653 0.275556 0.036482
12 0.250222 0.469765 0.329778 0.036482
17 0.500000 0.172664 1.000000 0.159420
14 0.500000 0.295852 0.829333 0.041979
14 0.500000 0.556722 0.829333 0.041979
14 0.500000 0.382809 0.829333 0.041979
10 0.500000 0.840330 0.357333 0.007496
8 0.500000 0.694653 0.829333 0.036482
12 0.245778 0.556722 0.320889 0.036482
12 0.208000 0.295852 0.245333 0.036482
36 0.833333 0.382809 0.162667 0.041979
14 0.224444 0.831084 0.278222 0.036482
36 0.833333 0.469765 0.162667 0.041979
34 0.500000 0.928036 1.000000 0.143928
