12 0.161333 0.426662 0.184000 0.025987
12 0.181778 0.826462 0.224889 0.025987
4 0.500000 0.371377 0.283556 0.160545
11 0.500000 0.753686 0.240889 0.101574
12 0.776444 0.426662 0.152000 0.054473
4 0.184444 0.771177 0.283556 0.160545
11 0.500000 0.353886 0.240889 0.101574
11 0.815556 0.546664 0.240889 0.101574
12 0.468889 0.826462 0.168000 0.025987
11 0.184444 0.753686 0.240889 0.101574
4 0.184444 0.371377 0.283556 0.160545
4 0.815556 0.371377 0.283556 0.189030
4 0.500000 0.771177 0.283556 0.160545
11 0.184444 0.560907 0.240889 0.101574
12 0.774667 0.633683 0.148444 0.054473
11 0.815556 0.339643 0.240889 0.101574
4 0.184444 0.578398 0.283556 0.160545
18 0.500000 0.884058 1.000000 0.014993
17 0.500000 0.172914 1.000000 0.159920
11 0.184444 0.353886 0.240889 0.101574
12 0.473333 0.633683 0.176889 0.025987
11 0.500000 0.560907 0.240889 0.101574
12 0.171556 0.633683 0.204444 0.025987
4 0.500000 0.578398 0.283556 0.160545
12 0.500000 0.426662 0.230222 0.025987
4 0.815556 0.578398 0.283556 0.189030
