14 0.245333 0.410045 0.320000 0.077461
12 0.185333 0.674663 0.200000 0.025987
26 0.855556 0.915792 0.203556 0.036482
12 0.134222 0.552224 0.097778 0.025987
14 0.270222 0.654923 0.369778 0.077461
14 0.199111 0.777361 0.227556 0.077461
12 0.199111 0.762869 0.227556 0.036482
12 0.270222 0.640430 0.369778 0.036482
37 0.500000 0.915792 1.000000 0.066467
12 0.208000 0.273113 0.245333 0.036482
12 0.119111 0.307346 0.067556 0.025987
12 0.237778 0.517991 0.304889 0.036482
26 0.137333 0.915792 0.189333 0.036482
14 0.208000 0.287606 0.245333 0.077461
14 0.237778 0.532484 0.304889 0.077461
12 0.180444 0.797101 0.190222 0.025987
12 0.204444 0.395552 0.238222 0.036482
12 0.245333 0.429785 0.320000 0.025987
17 0.500000 0.133433 1.000000 0.080960
