14 0.150000 0.216642 0.300000 0.144428
12 0.434667 0.344828 0.267556 0.041979
14 0.150000 0.669415 0.300000 0.105447
12 0.131556 0.072214 0.263111 0.144428
12 0.164444 0.216642 0.062222 0.114443
12 0.164889 0.380560 0.063111 0.153423
11 0.650444 0.185907 0.699111 0.239880
14 0.150000 0.380560 0.300000 0.183408
30 0.150000 0.500000 0.300000 1.000000
14 0.150000 0.794353 0.300000 0.144428
12 0.607556 0.441029 0.613333 0.114443
12 0.165778 0.669415 0.064889 0.075462
14 0.150000 0.544478 0.300000 0.144428
12 0.160444 0.794353 0.054222 0.114443
12 0.161778 0.544478 0.056889 0.114443
