14 0.274809 0.607199 0.284987 0.028560
36 0.840967 0.231612 0.155216 0.032864
14 0.500000 0.299687 0.837150 0.032864
10 0.500000 0.875000 0.340967 0.005869
14 0.262935 0.541471 0.261238 0.028560
14 0.500000 0.367762 0.837150 0.032864
17 0.500000 0.135172 1.000000 0.124804
36 0.840967 0.367762 0.155216 0.032864
34 0.500000 0.943662 1.000000 0.112676
14 0.500000 0.231612 0.837150 0.032864
14 0.230704 0.779734 0.298558 0.028560
12 0.198473 0.231612 0.234097 0.028560
12 0.212892 0.475743 0.262935 0.028560
14 0.187871 0.911189 0.212892 0.028560
14 0.251908 0.845462 0.340967 0.028560
14 0.273961 0.672926 0.283291 0.028560
8 0.273961 0.672926 0.283291 0.028560
36 0.840967 0.299687 0.155216 0.032864
12 0.289228 0.299687 0.415606 0.028560
12 0.251484 0.367762 0.340119 0.028560
