12 0.730222 0.989130 0.368889 0.021739
12 0.766222 0.432784 0.296889 0.036482
12 0.800889 0.912544 0.227556 0.036482
21 0.500000 0.863568 0.893333 0.074963
14 0.730222 0.989130 0.368889 0.021739
12 0.777778 0.519740 0.273778 0.036482
17 0.500000 0.172914 1.000000 0.159920
14 0.500000 0.519740 0.829333 0.041979
14 0.792000 0.744628 0.245333 0.036482
12 0.792000 0.744628 0.245333 0.036482
14 0.778667 0.828586 0.272000 0.036482
12 0.785333 0.606697 0.258667 0.036482
14 0.500000 0.432784 0.829333 0.041979
35 0.500000 0.294853 0.829333 0.037481
14 0.800889 0.912544 0.227556 0.036482
12 0.778667 0.828586 0.272000 0.036482
14 0.500000 0.606697 0.829333 0.041979
36 0.166667 0.519740 0.162667 0.041979
36 0.166667 0.432784 0.162667 0.041979
36 0.166667 0.606697 0.162667 0.041979
