26 0.860444 0.915792 0.193778 0.036482
12 0.210667 0.885307 0.250667 0.036482
26 0.482667 0.915792 0.228444 0.036482
12 0.176444 0.674663 0.182222 0.025987
14 0.208000 0.287606 0.245333 0.077461
12 0.152889 0.919540 0.135111 0.025987
14 0.212444 0.654923 0.254222 0.077461
12 0.212444 0.640430 0.254222 0.036482
14 0.247556 0.532484 0.324444 0.077461
14 0.229778 0.991754 0.288889 0.016492
12 0.184000 0.552224 0.197333 0.025987
14 0.203556 0.777361 0.236444 0.077461
12 0.182667 0.429785 0.194667 0.025987
26 0.122222 0.915792 0.159111 0.036482
12 0.203556 0.762869 0.236444 0.036482
12 0.247556 0.517991 0.324444 0.036482
37 0.500000 0.915792 1.000000 0.066467
17 0.500000 0.133433 1.000000 0.080960
12 0.228889 0.994753 0.287111 0.010495
14 0.210667 0.899800 0.250667 0.077461
12 0.208000 0.273113 0.245333 0.036482
12 0.162667 0.797101 0.154667 0.025987
12 0.123556 0.307346 0.076444 0.025987
14 0.204444 0.410045 0.238222 0.077461
12 0.204444 0.395552 0.238222 0.036482
