11 0.500000 0.339643 0.240889 0.101574
4 0.184444 0.357134 0.283556 0.160545
18 0.500000 0.677161 1.000000 0.014993
11 0.815556 0.532421 0.240889 0.101574
4 0.815556 0.357134 0.283556 0.160545
12 0.472000 0.412419 0.174222 0.025987
11 0.184444 0.339643 0.240889 0.101574
4 0.500000 0.549913 0.283556 0.160545
4 0.815556 0.549913 0.283556 0.160545
11 0.500000 0.532421 0.240889 0.101574
12 0.157333 0.605197 0.176000 0.054473
12 0.813778 0.412419 0.226667 0.025987
11 0.184444 0.518178 0.240889 0.101574
4 0.500000 0.357134 0.283556 0.160545
12 0.161333 0.412419 0.184000 0.025987
17 0.500000 0.172914 1.000000 0.159920
12 0.494222 0.605197 0.218667 0.025987
11 0.815556 0.339643 0.240889 0.101574
4 0.184444 0.549913 0.283556 0.189030
12 0.813778 0.605197 0.226667 0.025987
