14 0.198473 0.289710 0.234097 0.060642
12 0.236217 0.374218 0.309584 0.028560
14 0.195505 0.577269 0.228159 0.060642
17 0.500000 0.104460 1.000000 0.063380
14 0.236217 0.385563 0.309584 0.060642
14 0.247668 0.673122 0.332485 0.060642
12 0.247668 0.661776 0.332485 0.028560
12 0.198473 0.470070 0.234097 0.028560
12 0.172180 0.305164 0.181510 0.020344
12 0.183630 0.401017 0.204411 0.020344
14 0.204835 0.481416 0.246819 0.060642
28 0.500000 0.168427 0.918575 0.036385
12 0.113656 0.688576 0.064461 0.020344
12 0.195505 0.565923 0.228159 0.028560
12 0.198473 0.278365 0.234097 0.028560
12 0.204835 0.496870 0.246819 0.020344
12 0.165394 0.592723 0.167939 0.020344
