12 0.771416 0.506651 0.145038 0.042645
4 0.500000 0.460730 0.285835 0.153267
12 0.455047 0.506651 0.145038 0.042645
11 0.500000 0.435886 0.245123 0.084800
11 0.183630 0.279685 0.245123 0.084800
11 0.183630 0.447036 0.245123 0.084800
4 0.816370 0.293378 0.285835 0.130966
4 0.183630 0.293378 0.285835 0.130966
4 0.183630 0.460730 0.285835 0.130966
4 0.816370 0.460730 0.285835 0.153267
17 0.500000 0.135368 1.000000 0.125196
12 0.158609 0.662852 0.184902 0.020344
4 0.500000 0.293378 0.285835 0.153267
18 0.500000 0.707355 1.000000 0.011737
12 0.455047 0.339300 0.145038 0.042645
12 0.166667 0.506651 0.201018 0.020344
11 0.816370 0.279685 0.245123 0.084800
12 0.153944 0.339300 0.175573 0.020344
11 0.500000 0.268535 0.245123 0.084800
12 0.790500 0.339300 0.183206 0.020344
4 0.183630 0.616931 0.285835 0.130966
11 0.183630 0.603237 0.245123 0.084800
11 0.816370 0.435886 0.245123 0.084800
