14 0.500000 0.368153 0.837150 0.032864
34 0.500000 0.943662 1.000000 0.112676
17 0.500000 0.135368 1.000000 0.125196
14 0.500000 0.300078 0.837150 0.032864
36 0.840967 0.232003 0.155216 0.032864
10 0.500000 0.875000 0.340967 0.005869
14 0.194232 0.648670 0.225615 0.028560
14 0.243003 0.714397 0.323155 0.028560
12 0.224343 0.368153 0.285835 0.028560
36 0.840967 0.300078 0.155216 0.032864
14 0.289228 0.582942 0.415606 0.028560
12 0.212892 0.476135 0.262935 0.028560
14 0.500000 0.232003 0.837150 0.032864
14 0.189143 0.845853 0.215437 0.028560
12 0.209500 0.300078 0.256149 0.028560
36 0.840967 0.368153 0.155216 0.032864
14 0.223070 0.780125 0.283291 0.028560
8 0.500000 0.476135 0.837150 0.028560
14 0.200594 0.911581 0.238338 0.028560
12 0.198473 0.232003 0.234097 0.028560
