12 0.172000 0.634683 0.173333 0.025987
14 0.263556 0.737381 0.356444 0.077461
12 0.235111 0.845327 0.299556 0.036482
14 0.209778 0.614943 0.248889 0.077461
12 0.151556 0.757121 0.132444 0.025987
12 0.178667 0.512244 0.186667 0.025987
14 0.250222 0.859820 0.329778 0.077461
12 0.208000 0.355572 0.245333 0.036482
14 0.208000 0.370065 0.245333 0.077461
12 0.209778 0.600450 0.248889 0.036482
28 0.500000 0.215142 0.914667 0.046477
12 0.209333 0.478011 0.248000 0.036482
12 0.189778 0.389805 0.208889 0.025987
12 0.263556 0.722889 0.356444 0.036482
14 0.209333 0.492504 0.248000 0.077461
12 0.250222 0.879560 0.329778 0.025987
17 0.500000 0.133433 1.000000 0.080960
