12 0.128075 0.305164 0.093299 0.020344
12 0.181510 0.374218 0.200170 0.028560
12 0.248516 0.688576 0.334182 0.020344
28 0.500000 0.168427 0.918575 0.036385
14 0.224343 0.481416 0.285835 0.060642
17 0.500000 0.104460 1.000000 0.063380
12 0.181086 0.592723 0.199321 0.020344
12 0.229008 0.661776 0.295165 0.028560
14 0.184902 0.385563 0.206955 0.060642
14 0.248516 0.673122 0.334182 0.060642
12 0.184902 0.401017 0.206955 0.020344
12 0.245971 0.565923 0.329092 0.028560
12 0.170483 0.496870 0.178117 0.020344
14 0.198473 0.289710 0.234097 0.060642
12 0.198473 0.278365 0.234097 0.028560
14 0.245971 0.577269 0.329092 0.060642
12 0.224343 0.470070 0.285835 0.028560
