12 0.223919 0.597222 0.284987 0.028560
37 0.500000 0.934077 1.000000 0.052034
12 0.234097 0.624022 0.305344 0.020344
12 0.200594 0.405516 0.238338 0.028560
12 0.205259 0.240610 0.247668 0.020344
26 0.868957 0.934077 0.180662 0.028560
12 0.289228 0.309664 0.415606 0.028560
12 0.200594 0.788928 0.238338 0.028560
14 0.245971 0.512715 0.329092 0.060642
14 0.234097 0.608568 0.305344 0.060642
14 0.223070 0.704421 0.283291 0.060642
14 0.219254 0.416862 0.275657 0.060642
14 0.200594 0.800274 0.238338 0.060642
12 0.166243 0.528169 0.169635 0.020344
12 0.142918 0.719875 0.122986 0.020344
12 0.245971 0.501369 0.329092 0.028560
12 0.113656 0.815728 0.064461 0.020344
17 0.500000 0.104460 1.000000 0.063380
14 0.289228 0.321009 0.415606 0.060642
12 0.198473 0.213811 0.234097 0.028560
26 0.131891 0.934077 0.182358 0.028560
12 0.223070 0.693075 0.283291 0.028560
12 0.173028 0.336463 0.183206 0.020344
12 0.219254 0.432316 0.275657 0.020344
14 0.205259 0.225156 0.247668 0.060642
