14 0.226887 0.843505 0.290925 0.028560
14 0.201018 0.777778 0.239186 0.028560
8 0.277778 0.605243 0.290925 0.028560
14 0.251484 0.539515 0.238338 0.028560
14 0.500000 0.300078 0.837150 0.032864
14 0.287108 0.473787 0.309584 0.028560
36 0.840967 0.232003 0.155216 0.032864
34 0.500000 0.943662 1.000000 0.112676
10 0.500000 0.875000 0.340967 0.005869
12 0.212892 0.408059 0.262935 0.028560
14 0.500000 0.232003 0.837150 0.032864
14 0.238762 0.712050 0.314673 0.028560
17 0.500000 0.135368 1.000000 0.125196
36 0.840967 0.300078 0.155216 0.032864
12 0.198473 0.232003 0.234097 0.028560
14 0.277778 0.605243 0.290925 0.028560
12 0.229432 0.300078 0.296014 0.028560
