12 0.214222 0.845327 0.257778 0.036482
12 0.214667 0.722889 0.258667 0.036482
12 0.123556 0.389805 0.076444 0.025987
12 0.241778 0.600450 0.312889 0.036482
14 0.219111 0.737381 0.267556 0.077461
28 0.500000 0.215142 0.914667 0.046477
14 0.241778 0.614943 0.312889 0.077461
14 0.234667 0.492504 0.298667 0.077461
12 0.234667 0.478011 0.298667 0.036482
12 0.119111 0.634683 0.067556 0.025987
12 0.219111 0.757121 0.267556 0.025987
12 0.147111 0.879560 0.123556 0.025987
14 0.214222 0.859820 0.257778 0.077461
12 0.208000 0.355572 0.245333 0.036482
12 0.184444 0.512244 0.198222 0.025987
14 0.208000 0.370065 0.245333 0.077461
17 0.500000 0.133433 1.000000 0.080960
