12 0.224444 0.845327 0.278222 0.036482
14 0.203556 0.492504 0.236444 0.077461
12 0.247556 0.722889 0.324444 0.036482
14 0.247556 0.737381 0.324444 0.077461
12 0.145778 0.600450 0.120889 0.036482
14 0.224444 0.859820 0.278222 0.077461
12 0.118667 0.389805 0.066667 0.025987
12 0.151556 0.757121 0.132444 0.025987
12 0.203556 0.478011 0.236444 0.036482
12 0.165333 0.634683 0.160000 0.025987
28 0.500000 0.215142 0.914667 0.046477
14 0.165333 0.614943 0.160000 0.077461
12 0.149778 0.512244 0.128889 0.025987
12 0.174667 0.879560 0.178667 0.025987
17 0.500000 0.133433 1.000000 0.080960
12 0.208000 0.355572 0.245333 0.036482
14 0.208000 0.370065 0.245333 0.077461
