12 0.792000 0.744628 0.245333 0.036482
12 0.801333 0.989130 0.226667 0.021739
12 0.778667 0.828586 0.272000 0.036482
35 0.500000 0.294853 0.829333 0.037481
14 0.500000 0.519740 0.829333 0.041979
14 0.778667 0.828586 0.272000 0.036482
36 0.166667 0.519740 0.162667 0.041979
36 0.166667 0.432784 0.162667 0.041979
12 0.779111 0.606697 0.271111 0.036482
14 0.500000 0.606697 0.829333 0.041979
14 0.801333 0.989130 0.226667 0.021739
21 0.500000 0.863568 0.893333 0.074963
17 0.500000 0.172914 1.000000 0.159920
36 0.166667 0.606697 0.162667 0.041979
14 0.500000 0.432784 0.829333 0.041979
12 0.795556 0.912544 0.238222 0.036482
14 0.795556 0.912544 0.238222 0.036482
12 0.765333 0.432784 0.298667 0.036482
14 0.792000 0.744628 0.245333 0.036482
12 0.839556 0.519740 0.150222 0.036482
