14 0.150000 0.236894 0.300000 0.082551
12 0.639695 0.330008 0.677693 0.059077
12 0.158185 0.154343 0.061917 0.059077
30 0.150000 0.500000 0.300000 1.000000
12 0.417048 0.269953 0.232400 0.032864
12 0.125530 0.056534 0.251060 0.113067
12 0.162850 0.236894 0.071247 0.059077
14 0.150000 0.447770 0.300000 0.113067
11 0.650424 0.145540 0.699152 0.187793
12 0.160305 0.334703 0.066158 0.089593
12 0.159457 0.447770 0.064461 0.089593
14 0.150000 0.154343 0.300000 0.082551
14 0.150000 0.334703 0.300000 0.113067
