22 0.241730 0.577727 0.229008 0.003636
10 0.500000 0.994091 0.340967 0.011818
35 0.500000 0.273030 0.949109 0.030909
3 0.594572 0.103788 0.120441 0.019091
21 0.081849 0.103788 0.112807 0.028182
12 0.296014 0.041061 0.111959 0.015758
16 0.514843 0.577727 0.215437 0.028182
19 0.500000 0.476364 0.949109 0.080000
14 0.500000 0.724697 0.949109 0.040303
28 0.500000 0.422273 0.949109 0.028182
14 0.500000 0.765303 0.949109 0.040303
14 0.500000 0.684091 0.949109 0.040303
12 0.499576 0.894697 0.168787 0.022121
18 0.500000 0.613636 1.000000 0.025455
12 0.117472 0.041061 0.184054 0.022121
1 0.050891 0.577727 0.050891 0.018182
17 0.500000 0.080909 1.000000 0.049091
26 0.243851 0.103788 0.170483 0.028182
11 0.418151 0.041061 0.071247 0.018788
31 0.500000 0.205909 0.949109 0.028182
13 0.594148 0.041061 0.219678 0.022121
8 0.500000 0.865303 0.949109 0.080909
36 0.103053 0.170000 0.155216 0.025455
36 0.309160 0.170000 0.155216 0.025455
5 0.709075 0.577727 0.071247 0.025455
36 0.515267 0.170000 0.155216 0.025455
34 0.500000 0.956364 1.000000 0.087273
7 0.431722 0.103788 0.164546 0.028182
12 0.500000 0.868939 0.169635 0.022121
25 0.500000 0.352273 0.949109 0.036667
33 0.844784 0.170000 0.259542 0.029091
27 0.500000 0.311212 0.949109 0.030909
