14 0.243003 0.321009 0.323155 0.060642
26 0.883376 0.934077 0.151824 0.028560
12 0.251484 0.501369 0.340119 0.028560
12 0.176845 0.336463 0.190840 0.020344
17 0.500000 0.104460 1.000000 0.063380
26 0.131891 0.934077 0.182358 0.028560
12 0.205259 0.240610 0.247668 0.020344
14 0.223070 0.608568 0.283291 0.060642
12 0.223070 0.597222 0.283291 0.028560
12 0.154368 0.405516 0.145886 0.028560
14 0.205259 0.225156 0.247668 0.060642
12 0.165394 0.528169 0.167939 0.020344
12 0.218405 0.624022 0.273961 0.020344
14 0.230704 0.416862 0.298558 0.060642
12 0.230704 0.432316 0.298558 0.020344
12 0.198473 0.213811 0.234097 0.028560
12 0.243003 0.309664 0.323155 0.028560
37 0.500000 0.934077 1.000000 0.052034
14 0.251484 0.512715 0.340119 0.060642
