4 0.736667 0.390399 0.441333 0.227074
11 0.263333 0.372907 0.398667 0.168103
11 0.263333 0.617972 0.398667 0.168103
12 0.646667 0.478948 0.208000 0.025987
11 0.263333 0.863037 0.398667 0.168103
12 0.684444 0.724013 0.283556 0.025987
4 0.736667 0.880528 0.441333 0.227074
12 0.143111 0.724013 0.147556 0.025987
12 0.655556 0.969078 0.225778 0.025987
12 0.207111 0.969078 0.275556 0.025987
11 0.736667 0.372907 0.398667 0.168103
12 0.161333 0.478948 0.184000 0.025987
4 0.263333 0.390399 0.441333 0.227074
4 0.736667 0.635464 0.441333 0.227074
11 0.736667 0.617972 0.398667 0.168103
17 0.500000 0.172914 1.000000 0.159920
11 0.736667 0.863037 0.398667 0.168103
4 0.263333 0.635464 0.441333 0.227074
4 0.263333 0.880528 0.441333 0.227074
