12 0.225615 0.300078 0.288380 0.028560
14 0.238762 0.646322 0.314673 0.028560
14 0.189143 0.514867 0.215437 0.028560
36 0.840967 0.300078 0.155216 0.032864
8 0.500000 0.408059 0.837150 0.028560
14 0.153096 0.580595 0.143342 0.028560
17 0.500000 0.135368 1.000000 0.125196
12 0.212892 0.408059 0.262935 0.028560
10 0.500000 0.875000 0.340967 0.005869
34 0.500000 0.943662 1.000000 0.112676
14 0.500000 0.300078 0.837150 0.032864
12 0.198473 0.232003 0.234097 0.028560
14 0.500000 0.232003 0.837150 0.032864
36 0.840967 0.232003 0.155216 0.032864
