26 0.144444 0.915792 0.203556 0.036482
12 0.229778 0.429785 0.288889 0.025987
14 0.229778 0.410045 0.288889 0.077461
12 0.119111 0.307346 0.067556 0.025987
14 0.208000 0.287606 0.245333 0.077461
17 0.500000 0.133433 1.000000 0.080960
26 0.479556 0.915792 0.193778 0.036482
12 0.147556 0.552224 0.124444 0.025987
12 0.208000 0.273113 0.245333 0.036482
37 0.500000 0.915792 1.000000 0.066467
14 0.183556 0.532484 0.196444 0.077461
12 0.220889 0.395552 0.271111 0.036482
14 0.268889 0.654923 0.367111 0.077461
12 0.268889 0.640430 0.367111 0.036482
12 0.183556 0.517991 0.196444 0.036482
12 0.200000 0.674663 0.229333 0.025987
26 0.835111 0.915792 0.244444 0.036482
