26 0.843111 0.915792 0.228444 0.036482
26 0.164889 0.915792 0.244444 0.036482
12 0.208000 0.273113 0.245333 0.036482
14 0.268889 0.777361 0.367111 0.077461
12 0.197333 0.517991 0.224000 0.036482
12 0.133778 0.429785 0.096889 0.025987
12 0.268889 0.762869 0.367111 0.036482
14 0.229778 0.287606 0.288889 0.077461
14 0.248889 0.654923 0.327111 0.077461
17 0.500000 0.133433 1.000000 0.080960
12 0.173333 0.674663 0.176000 0.025987
12 0.248889 0.640430 0.327111 0.036482
12 0.151556 0.797101 0.132444 0.025987
12 0.229778 0.307346 0.288889 0.025987
12 0.152889 0.552224 0.135111 0.025987
14 0.197333 0.532484 0.224000 0.077461
14 0.215111 0.410045 0.259556 0.077461
12 0.215111 0.395552 0.259556 0.036482
37 0.500000 0.915792 1.000000 0.066467
