4 0.816370 0.449579 0.285835 0.130966
12 0.452078 0.651702 0.139101 0.042645
4 0.500000 0.605781 0.285835 0.153267
4 0.183630 0.605781 0.285835 0.130966
11 0.500000 0.580937 0.245123 0.084800
12 0.465649 0.495501 0.166243 0.020344
11 0.183630 0.279685 0.245123 0.084800
4 0.816370 0.605781 0.285835 0.153267
17 0.500000 0.135368 1.000000 0.125196
4 0.183630 0.293378 0.285835 0.130966
12 0.455047 0.339300 0.145038 0.042645
12 0.768024 0.495501 0.138253 0.020344
11 0.183630 0.592087 0.245123 0.084800
11 0.816370 0.435886 0.245123 0.084800
4 0.816370 0.293378 0.285835 0.130966
11 0.500000 0.268535 0.245123 0.084800
18 0.500000 0.707355 1.000000 0.011737
11 0.500000 0.435886 0.245123 0.084800
4 0.500000 0.449579 0.285835 0.130966
4 0.500000 0.293378 0.285835 0.153267
11 0.816370 0.580937 0.245123 0.084800
4 0.183630 0.449579 0.285835 0.130966
12 0.153944 0.339300 0.175573 0.020344
12 0.792621 0.339300 0.187447 0.020344
12 0.173876 0.651702 0.215437 0.020344
12 0.170483 0.495501 0.208651 0.020344
11 0.816370 0.279685 0.245123 0.084800
11 0.183630 0.435886 0.245123 0.084800
12 0.771416 0.651702 0.145038 0.042645
