12 0.228889 0.512244 0.287111 0.025987
14 0.247111 0.614943 0.323556 0.077461
12 0.132000 0.634683 0.093333 0.025987
14 0.228889 0.492504 0.287111 0.077461
12 0.254667 0.722889 0.338667 0.036482
12 0.215111 0.478011 0.259556 0.036482
12 0.208000 0.355572 0.245333 0.036482
12 0.256889 0.845327 0.343111 0.036482
17 0.500000 0.133433 1.000000 0.080960
12 0.222667 0.757121 0.274667 0.025987
14 0.256889 0.859820 0.343111 0.077461
12 0.229778 0.389805 0.288889 0.025987
14 0.254667 0.737381 0.338667 0.077461
28 0.500000 0.215142 0.914667 0.046477
12 0.247111 0.600450 0.323556 0.036482
14 0.229778 0.370065 0.288889 0.077461
12 0.200000 0.879560 0.229333 0.025987
