14 0.248516 0.911189 0.334182 0.028560
14 0.500000 0.231612 0.837150 0.032864
14 0.219678 0.541471 0.174724 0.028560
14 0.199746 0.845462 0.236641 0.028560
14 0.500000 0.367762 0.837150 0.032864
12 0.198473 0.231612 0.234097 0.028560
17 0.500000 0.135172 1.000000 0.124804
12 0.289228 0.299687 0.415606 0.028560
14 0.153096 0.779734 0.143342 0.028560
14 0.500000 0.299687 0.837150 0.032864
8 0.300679 0.672926 0.336726 0.028560
36 0.840967 0.367762 0.155216 0.032864
14 0.300679 0.672926 0.336726 0.028560
36 0.840967 0.299687 0.155216 0.032864
10 0.500000 0.875000 0.340967 0.005869
12 0.212892 0.475743 0.262935 0.028560
34 0.500000 0.943662 1.000000 0.112676
14 0.226039 0.607199 0.187447 0.028560
36 0.840967 0.231612 0.155216 0.032864
12 0.214165 0.367762 0.265479 0.028560
