35 0.500000 0.352504 0.837150 0.030516
27 0.500000 0.418232 0.837150 0.028560
12 0.133164 0.286776 0.103478 0.028560
36 0.500000 0.826291 0.837150 0.028560
12 0.234097 0.826291 0.305344 0.028560
17 0.500000 0.104460 1.000000 0.063380
12 0.167939 0.688185 0.173028 0.028560
19 0.500000 0.622457 0.837150 0.028560
21 0.500000 0.933099 0.837150 0.028560
33 0.596692 0.688185 0.643766 0.028560
35 0.500000 0.286776 0.837150 0.028560
35 0.500000 0.221049 0.837150 0.028560
12 0.138677 0.221049 0.114504 0.028560
12 0.174724 0.418232 0.186599 0.028560
27 0.500000 0.483959 0.837150 0.029343
