12 0.213316 0.501369 0.263783 0.028560
17 0.500000 0.104460 1.000000 0.063380
12 0.213316 0.597222 0.263783 0.028560
26 0.125530 0.934077 0.169635 0.028560
12 0.128075 0.240610 0.093299 0.020344
26 0.868109 0.934077 0.182358 0.028560
26 0.352276 0.934077 0.184902 0.028560
14 0.234097 0.608568 0.305344 0.060642
12 0.113656 0.528169 0.064461 0.020344
14 0.236641 0.416862 0.310433 0.060642
12 0.234097 0.624022 0.305344 0.020344
14 0.213316 0.512715 0.263783 0.060642
26 0.610828 0.934077 0.233249 0.028560
12 0.168363 0.432316 0.173876 0.020344
14 0.195505 0.321009 0.228159 0.060642
12 0.195505 0.309664 0.228159 0.028560
12 0.236641 0.405516 0.310433 0.028560
37 0.500000 0.934077 1.000000 0.052034
14 0.198473 0.225156 0.234097 0.060642
12 0.176845 0.336463 0.190840 0.020344
12 0.198473 0.213811 0.234097 0.028560
