12 0.472000 0.412419 0.174222 0.025987
18 0.500000 0.855572 1.000000 0.014993
11 0.500000 0.339643 0.240889 0.101574
11 0.184444 0.518178 0.240889 0.101574
11 0.500000 0.532421 0.240889 0.101574
12 0.126222 0.797976 0.113778 0.025987
4 0.815556 0.357134 0.283556 0.160545
12 0.161333 0.412419 0.184000 0.025987
12 0.786222 0.412419 0.171556 0.025987
12 0.140889 0.605197 0.143111 0.054473
17 0.500000 0.172914 1.000000 0.159920
4 0.184444 0.549913 0.283556 0.189030
4 0.184444 0.357134 0.283556 0.160545
12 0.788889 0.605197 0.176889 0.025987
4 0.184444 0.742691 0.283556 0.160545
11 0.184444 0.725200 0.240889 0.101574
12 0.487111 0.605197 0.204444 0.025987
4 0.500000 0.549913 0.283556 0.160545
11 0.184444 0.339643 0.240889 0.101574
4 0.815556 0.549913 0.283556 0.160545
11 0.815556 0.339643 0.240889 0.101574
4 0.500000 0.357134 0.283556 0.160545
11 0.815556 0.532421 0.240889 0.101574
