36 0.833333 0.296352 0.162667 0.041979
14 0.500000 0.296352 0.829333 0.041979
14 0.204889 0.825587 0.239111 0.036482
8 0.500000 0.521239 0.829333 0.036482
12 0.261778 0.383308 0.352889 0.036482
36 0.833333 0.383308 0.162667 0.041979
12 0.208000 0.296352 0.245333 0.036482
14 0.248889 0.657671 0.327111 0.036482
14 0.245778 0.741629 0.320889 0.036482
10 0.500000 0.840330 0.357333 0.007496
17 0.500000 0.172914 1.000000 0.159920
34 0.500000 0.928036 1.000000 0.143928
14 0.223556 0.909545 0.276444 0.036482
14 0.500000 0.383308 0.829333 0.041979
12 0.223111 0.521239 0.275556 0.036482
