12 0.166243 0.336463 0.169635 0.020344
26 0.133164 0.934077 0.184902 0.028560
12 0.173452 0.597222 0.184054 0.028560
14 0.229432 0.321009 0.296014 0.060642
12 0.161578 0.240610 0.160305 0.020344
14 0.198473 0.225156 0.234097 0.060642
12 0.144614 0.719875 0.126378 0.020344
17 0.500000 0.104460 1.000000 0.063380
12 0.137829 0.624022 0.112807 0.020344
26 0.874470 0.934077 0.169635 0.028560
12 0.230704 0.432316 0.298558 0.020344
14 0.230704 0.416862 0.298558 0.060642
12 0.198473 0.213811 0.234097 0.028560
14 0.173452 0.608568 0.184054 0.060642
12 0.229432 0.309664 0.296014 0.028560
37 0.500000 0.934077 1.000000 0.052034
12 0.167515 0.405516 0.172180 0.028560
12 0.194232 0.501369 0.225615 0.028560
12 0.202714 0.693075 0.242578 0.028560
14 0.194232 0.512715 0.225615 0.060642
12 0.113232 0.528169 0.063613 0.020344
14 0.202714 0.704421 0.242578 0.060642
