14 0.248516 0.416862 0.334182 0.060642
12 0.195081 0.405516 0.227311 0.028560
12 0.144614 0.719875 0.126378 0.020344
26 0.868109 0.934077 0.182358 0.028560
12 0.161578 0.815728 0.160305 0.020344
14 0.223919 0.512715 0.284987 0.060642
14 0.218405 0.800274 0.273961 0.060642
12 0.166667 0.336463 0.170483 0.020344
37 0.500000 0.934077 1.000000 0.052034
14 0.234521 0.321009 0.306192 0.060642
26 0.133164 0.934077 0.184902 0.028560
12 0.198473 0.213811 0.234097 0.028560
12 0.248516 0.432316 0.334182 0.020344
12 0.174724 0.624022 0.186599 0.020344
14 0.198473 0.225156 0.234097 0.060642
26 0.378145 0.934077 0.151824 0.028560
12 0.223070 0.693075 0.283291 0.028560
12 0.218405 0.788928 0.273961 0.028560
12 0.214165 0.597222 0.265479 0.028560
14 0.223070 0.704421 0.283291 0.060642
12 0.234521 0.309664 0.306192 0.028560
12 0.164122 0.528169 0.165394 0.020344
26 0.615493 0.934077 0.169635 0.028560
12 0.161578 0.240610 0.160305 0.020344
12 0.223919 0.501369 0.284987 0.028560
14 0.214165 0.608568 0.265479 0.060642
17 0.500000 0.104460 1.000000 0.063380
