14 0.200170 0.645931 0.237489 0.028560
36 0.840967 0.299687 0.155216 0.032864
14 0.223070 0.777387 0.283291 0.028560
14 0.500000 0.299687 0.837150 0.032864
34 0.500000 0.943662 1.000000 0.112676
12 0.198473 0.231612 0.234097 0.028560
14 0.202714 0.514476 0.242578 0.028560
12 0.245971 0.299687 0.329092 0.028560
17 0.500000 0.135172 1.000000 0.124804
14 0.203138 0.580203 0.243427 0.028560
14 0.500000 0.231612 0.837150 0.032864
8 0.500000 0.407668 0.837150 0.028560
12 0.212892 0.407668 0.262935 0.028560
10 0.500000 0.875000 0.340967 0.005869
36 0.840967 0.231612 0.155216 0.032864
14 0.213316 0.711659 0.263783 0.028560
