14 0.237489 0.321009 0.312129 0.060642
14 0.248516 0.512715 0.334182 0.060642
12 0.161578 0.240610 0.160305 0.020344
12 0.154368 0.432316 0.145886 0.020344
12 0.204835 0.597222 0.246819 0.028560
14 0.204835 0.608568 0.246819 0.060642
26 0.868957 0.934077 0.180662 0.028560
14 0.198473 0.225156 0.234097 0.060642
37 0.500000 0.934077 1.000000 0.052034
12 0.201018 0.405516 0.239186 0.028560
26 0.149703 0.934077 0.217981 0.028560
12 0.131043 0.501369 0.099237 0.028560
12 0.166667 0.624022 0.170483 0.020344
12 0.248516 0.528169 0.334182 0.020344
14 0.201018 0.416862 0.239186 0.060642
12 0.218405 0.336463 0.273961 0.020344
12 0.237489 0.309664 0.312129 0.028560
12 0.198473 0.213811 0.234097 0.028560
26 0.518660 0.934077 0.233249 0.028560
17 0.500000 0.104460 1.000000 0.063380
