17 0.500000 0.135368 1.000000 0.125196
14 0.257846 0.580595 0.352841 0.028560
10 0.500000 0.875000 0.340967 0.005869
12 0.257422 0.300078 0.351993 0.028560
14 0.234521 0.712050 0.306192 0.028560
14 0.500000 0.300078 0.837150 0.032864
12 0.212892 0.408059 0.262935 0.028560
36 0.840967 0.300078 0.155216 0.032864
8 0.500000 0.408059 0.837150 0.028560
14 0.236641 0.646322 0.310433 0.028560
14 0.500000 0.232003 0.837150 0.032864
36 0.840967 0.232003 0.155216 0.032864
14 0.207803 0.777778 0.252757 0.028560
34 0.500000 0.943662 1.000000 0.112676
12 0.198473 0.232003 0.234097 0.028560
14 0.243003 0.514867 0.323155 0.028560
