11 0.737277 0.895222 0.403308 0.139525
11 0.262723 0.295897 0.403308 0.139525
4 0.737277 0.509365 0.444020 0.185691
4 0.262723 0.309590 0.444020 0.185691
12 0.655640 0.582649 0.229856 0.020344
11 0.262723 0.695447 0.403308 0.139525
12 0.667091 0.782424 0.252757 0.020344
12 0.157761 0.982199 0.183206 0.020344
4 0.262723 0.709140 0.444020 0.185691
12 0.136556 0.582649 0.140797 0.020344
11 0.737277 0.295897 0.403308 0.139525
4 0.737277 0.709140 0.444020 0.185691
11 0.262723 0.895222 0.403308 0.139525
12 0.595420 0.382874 0.109415 0.020344
11 0.737277 0.495672 0.403308 0.139525
12 0.150551 0.782424 0.168787 0.020344
4 0.262723 0.908035 0.444020 0.183930
11 0.262723 0.495672 0.403308 0.139525
4 0.737277 0.309590 0.444020 0.185691
4 0.737277 0.908035 0.444020 0.183930
11 0.737277 0.695447 0.403308 0.139525
12 0.153944 0.382874 0.175573 0.020344
4 0.262723 0.509365 0.444020 0.185691
17 0.500000 0.135368 1.000000 0.125196
12 0.653944 0.982199 0.226463 0.020344
