12 0.500000 0.412419 0.230222 0.025987
12 0.775556 0.605197 0.150222 0.054473
12 0.160444 0.605197 0.182222 0.025987
11 0.815556 0.518178 0.240889 0.101574
4 0.815556 0.357134 0.283556 0.160545
11 0.500000 0.339643 0.240889 0.101574
11 0.815556 0.339643 0.240889 0.101574
11 0.184444 0.339643 0.240889 0.101574
12 0.455111 0.605197 0.140444 0.054473
4 0.815556 0.549913 0.283556 0.189030
18 0.500000 0.677161 1.000000 0.014993
12 0.161333 0.412419 0.184000 0.025987
4 0.184444 0.549913 0.283556 0.160545
11 0.184444 0.532421 0.240889 0.101574
4 0.500000 0.357134 0.283556 0.160545
4 0.184444 0.357134 0.283556 0.160545
11 0.500000 0.518178 0.240889 0.101574
4 0.500000 0.549913 0.283556 0.189030
12 0.772889 0.412419 0.144889 0.025987
17 0.500000 0.172914 1.000000 0.159920
