14 0.150000 0.267410 0.300000 0.082551
12 0.162850 0.267410 0.071247 0.059077
30 0.150000 0.500000 0.300000 1.000000
12 0.159457 0.169601 0.064461 0.089593
12 0.415776 0.269953 0.229856 0.032864
12 0.161578 0.349961 0.068702 0.059077
14 0.150000 0.169601 0.300000 0.113067
11 0.650424 0.145540 0.699152 0.187793
14 0.150000 0.447770 0.300000 0.113067
14 0.150000 0.349961 0.300000 0.082551
12 0.125530 0.056534 0.251060 0.113067
12 0.160305 0.447770 0.066158 0.089593
12 0.646904 0.345266 0.692112 0.089593
