12 0.797710 0.506651 0.197625 0.020344
11 0.183630 0.447036 0.245123 0.084800
12 0.466497 0.506651 0.167939 0.042645
18 0.500000 0.707355 1.000000 0.011737
11 0.183630 0.603237 0.245123 0.084800
11 0.816370 0.279685 0.245123 0.084800
4 0.500000 0.460730 0.285835 0.153267
12 0.162426 0.506651 0.192536 0.020344
11 0.183630 0.279685 0.245123 0.084800
4 0.183630 0.293378 0.285835 0.130966
12 0.753605 0.339300 0.109415 0.020344
4 0.500000 0.293378 0.285835 0.153267
4 0.816370 0.293378 0.285835 0.130966
12 0.136980 0.662852 0.141645 0.020344
12 0.153944 0.339300 0.175573 0.020344
11 0.500000 0.435886 0.245123 0.084800
17 0.500000 0.135368 1.000000 0.125196
4 0.183630 0.460730 0.285835 0.130966
4 0.183630 0.616931 0.285835 0.130966
11 0.500000 0.268535 0.245123 0.084800
11 0.816370 0.447036 0.245123 0.084800
4 0.816370 0.460730 0.285835 0.130966
12 0.449958 0.339300 0.134860 0.042645
