12 0.399491 0.338811 0.497031 0.028560
14 0.500000 0.275039 1.000000 0.065728
12 0.366836 0.413928 0.431722 0.028560
9 0.457167 0.102113 0.315522 0.041080
12 0.191264 0.150430 0.301103 0.037950
32 0.500000 0.102113 1.000000 0.058685
14 0.500000 0.350156 1.000000 0.065728
14 0.500000 0.425274 1.000000 0.065728
17 0.500000 0.180947 1.000000 0.098983
34 0.500000 0.929577 1.000000 0.061033
25 0.500000 0.204617 1.000000 0.051643
12 0.411366 0.263693 0.520780 0.028560
12 0.501272 0.873239 0.106870 0.020344
37 0.500000 0.873239 1.000000 0.051643
