4 0.184444 0.357134 0.283556 0.160545
11 0.184444 0.518178 0.240889 0.101574
11 0.500000 0.518178 0.240889 0.101574
17 0.500000 0.172914 1.000000 0.159920
4 0.815556 0.357134 0.283556 0.160545
11 0.184444 0.339643 0.240889 0.101574
12 0.488889 0.590955 0.208000 0.025987
11 0.500000 0.339643 0.240889 0.101574
12 0.156444 0.590955 0.174222 0.025987
4 0.184444 0.535670 0.283556 0.160545
12 0.161333 0.412419 0.184000 0.025987
4 0.500000 0.357134 0.283556 0.160545
4 0.500000 0.535670 0.283556 0.160545
12 0.473333 0.412419 0.176889 0.025987
18 0.500000 0.648676 1.000000 0.014993
12 0.792000 0.412419 0.183111 0.025987
11 0.815556 0.339643 0.240889 0.101574
