17 0.500000 0.133433 1.000000 0.080960
26 0.877778 0.915792 0.159111 0.036482
14 0.235111 0.532484 0.299556 0.077461
14 0.239111 0.654923 0.307556 0.077461
12 0.118667 0.307346 0.066667 0.025987
14 0.208000 0.287606 0.245333 0.077461
12 0.254667 0.395552 0.338667 0.036482
12 0.156444 0.674663 0.142222 0.025987
26 0.156889 0.915792 0.228444 0.036482
12 0.149778 0.552224 0.128889 0.025987
12 0.208000 0.273113 0.245333 0.036482
12 0.239111 0.640430 0.307556 0.036482
12 0.235111 0.517991 0.299556 0.036482
14 0.254667 0.410045 0.338667 0.077461
12 0.228889 0.429785 0.287111 0.025987
37 0.500000 0.915792 1.000000 0.066467
